17Networks_LH_VisCent_ExStr_1	21.22868535825409	-49.80140701813867	-35.8646423496479
17Networks_LH_VisCent_ExStr_2	23.197466533469115	-67.07855731225297	-27.74539197680978
17Networks_LH_VisCent_Striate_1	1.65297423582739	-62.94758462044035	-28.295928447077316
17Networks_LH_VisCent_ExStr_3	24.60902748571458	-63.00736562707365	-6.536895271627492
17Networks_LH_VisPeri_ExStrInf_1	12.592726769838889	-35.33797189308349	-26.12551978566358
17Networks_LH_VisPeri_StriCal_1	9.93660239065857	-24.199860831915885	-12.94580330605557
17Networks_LH_VisPeri_ExStrSup_1	5.194596553800366	-58.4747149231532	0.7218642407380915
17Networks_LH_SomMotA_1	35.493884720761116	-8.242080633549321	30.518182183766722
17Networks_LH_SomMotA_2	8.785871086607212	-14.356737897950282	36.461735702878876
17Networks_LH_SomMotB_Aud_1	45.666302970609536	-4.002583979328165	-8.27648677474768
17Networks_LH_SomMotB_S2_1	28.39059497387343	-0.8406985032074061	-4.669637049892843
17Networks_LH_SomMotB_S2_2	46.06203639609923	3.315011037527597	-1.2865343697023692
17Networks_LH_SomMotB_Cent_1	48.11097006816687	5.43857331571995	14.224572369412988
17Networks_LH_DorsAttnA_TempOcc_1	40.26175636347114	-33.13145665773011	-30.489905332624115
17Networks_LH_DorsAttnA_ParOcc_1	41.35298477190299	-45.84136722173532	-13.191062045766008
17Networks_LH_DorsAttnA_SPL_1	21.904266895702143	-47.26386313837856	18.820244953812384
17Networks_LH_DorsAttnB_PostC_1	51.463302197129494	-9.014341273699557	14.118377959171896
17Networks_LH_DorsAttnB_PostC_2	37.97431149105513	-17.128803245436103	20.79209172810309
17Networks_LH_DorsAttnB_PostC_3	20.552727870350893	-34.58201732042792	33.65435959010846
17Networks_LH_DorsAttnB_FEF_1	23.091079501145817	7.951695275925658	35.39275496393117
17Networks_LH_SalVentAttnA_ParOper_1	52.61337618968767	-19.230606136193558	3.913819374021793
17Networks_LH_SalVentAttnA_Ins_1	31.49654354706767	17.129757785467135	-16.234630628424757
17Networks_LH_SalVentAttnA_Ins_2	28.17707133603623	25.27854217854218	-5.98124559426483
17Networks_LH_SalVentAttnA_ParMed_1	8.170320772756313	-21.750089831117492	19.61247089709732
17Networks_LH_SalVentAttnA_FrMed_1	4.796462953447043	13.97508719481813	38.79123531685103
17Networks_LH_SalVentAttnB_PFCl_1	22.6911303342831	56.44259054246402	15.072040386004254
17Networks_LH_SalVentAttnB_PFCmp_1	4.19897045763777	31.701373390557933	17.90017380768649
17Networks_LH_LimbicB_OFC_1	9.370835943317715	35.168040128986036	-20.86528374853206
17Networks_LH_LimbicA_TempPole_1	28.942532979817056	21.082786488913456	-39.17942720284373
17Networks_LH_LimbicA_TempPole_2	52.555069088407215	-9.590317812269035	-33.32971572487423
17Networks_LH_ContA_IPS_1	33.64220190700683	-34.29394719896973	17.8507211663918
17Networks_LH_ContA_PFCl_1	37.71864091701593	45.63635793959142	7.185550424199243
17Networks_LH_ContA_PFCl_2	41.14421574279406	18.421527983417235	13.339207986366965
17Networks_LH_ContB_PFClv_1	20.799610706734725	71.76327130264445	-9.665721034711767
17Networks_LH_ContC_pCun_1	6.031829422753724	-54.72164351851852	12.166089413273665
17Networks_LH_ContC_pCun_2	3.2426474453771883	-43.87806372549019	28.052699422573337
17Networks_LH_ContC_Cingp_1	2.16402142199259	-11.330687830687836	10.373017109575725
17Networks_LH_DefaultA_PFCd_1	20.36894963216647	31.304436113714473	32.76679553372232
17Networks_LH_DefaultA_pCunPCC_1	3.2151581810191265	-36.15353605160101	7.844391628512859
17Networks_LH_DefaultA_PFCm_1	6.796279705124142	50.07583161059952	-6.787728679861208
17Networks_LH_DefaultB_Temp_1	51.17133202352841	18.185303693724038	-28.48406087844289
17Networks_LH_DefaultB_Temp_2	54.396368582690435	-8.642343485617602	-18.55203266842716
17Networks_LH_DefaultB_IPL_1	41.13110797735063	-42.53447106690777	7.316230528582063
17Networks_LH_DefaultB_PFCd_1	6.824291446309999	55.31894811824765	23.594031068593157
17Networks_LH_DefaultB_PFCl_1	34.48305211338512	27.231453507888546	28.22037932921993
17Networks_LH_DefaultB_PFCv_1	31.349264651526696	37.720006875214864	-19.897389790310246
17Networks_LH_DefaultB_PFCv_2	42.71992406627763	44.90850776502364	-9.260703332185908
17Networks_LH_DefaultC_Rsp_1	9.111199617479654	-22.783766063467084	-7.111592770138655
17Networks_LH_DefaultC_PHC_1	18.9688513158045	-3.7742376215979903	-23.247625462337066
17Networks_LH_TempPar_1	51.30978872529839	-28.78027950310559	-10.579193807721882
17Networks_RH_VisCent_ExStr_1	-25.099536247640117	-38.0220536756126	-30.82194066375946
17Networks_RH_VisCent_ExStr_2	-21.051903378921708	-63.393992474373945	-28.582136532985636
17Networks_RH_VisCent_ExStr_3	-33.40880581423455	-57.951793436784534	-8.92304863430289
17Networks_RH_VisPeri_StriCal_1	-7.417870674526879	-48.60896213565786	-18.166033219768316
17Networks_RH_VisPeri_ExStrInf_1	-12.854162918055763	-14.883692437684829	-11.661556100769788
17Networks_RH_VisPeri_ExStrSup_1	-13.34035099041986	-61.734266470216795	1.7612083766541236
17Networks_RH_SomMotA_1	-39.29955759098207	5.308494783904621	23.590911903164606
17Networks_RH_SomMotA_2	-34.12898828058609	-4.730563002680967	33.28642041130296
17Networks_RH_SomMotA_3	-24.402509872793818	-22.762766945218203	35.50511101062584
17Networks_RH_SomMotA_4	-8.910031373538935	-10.21383301184899	38.89212367736002
17Networks_RH_SomMotB_Aud_1	-47.230320896638034	4.618962571827922	-8.993711275581537
17Networks_RH_SomMotB_S2_1	-35.952486254473996	2.734620280016969	-2.3158679044140444
17Networks_RH_SomMotB_S2_2	-50.335259456651	14.602150537634415	-4.443164892185665
17Networks_RH_SomMotB_Cent_1	-51.20967230772773	12.22774687065369	10.71383994200134
17Networks_RH_DorsAttnA_TempOcc_1	-46.0323976579374	-32.77524683873203	-29.39260700291867
17Networks_RH_DorsAttnA_ParOcc_1	-44.67640335215746	-42.3718475877193	-7.788378121429364
17Networks_RH_DorsAttnA_SPL_1	-26.061575509509165	-46.956277577216206	18.778983385841194
17Networks_RH_DorsAttnB_PostC_1	-43.440488053298544	-5.341100505334083	19.131669883143033
17Networks_RH_DorsAttnB_PostC_2	-13.97620948352522	-37.827263899004606	34.644456666964125
17Networks_RH_DorsAttnB_FEF_1	-23.923177657018165	10.47948146969938	33.56251394211137
17Networks_RH_SalVentAttnA_ParOper_1	-54.89411268230755	-7.984470530692107	5.833089470119918
17Networks_RH_SalVentAttnA_Ins_1	-31.63136006146985	23.484601066080046	-11.24304220667647
17Networks_RH_SalVentAttnA_ParMed_1	-8.475840863136995	-17.713069489185457	22.206399333817146
17Networks_RH_SalVentAttnA_FrMed_1	-6.03070096037806	18.317178337357703	32.040362563903024
17Networks_RH_SalVentAttnB_IPL_1	-52.08600620913506	-18.308999999999997	20.164002403736117
17Networks_RH_SalVentAttnB_PFCl_1	-25.25224540802666	54.827718223583474	18.75049446887977
17Networks_RH_SalVentAttnB_PFCmp_1	-5.304232850350542	38.64978949700864	17.28395951664582
17Networks_RH_LimbicB_OFC_1	-12.145865929689236	40.3479157945099	-19.65758861213073
17Networks_RH_LimbicA_TempPole_1	-33.823277614181826	23.271730825741997	-41.810319412623365
17Networks_RH_ContA_IPS_1	-33.945240202939274	-25.61868892508143	21.394546524369755
17Networks_RH_ContA_PFCl_1	-40.25236189922095	49.742928697701814	7.360048019401309
17Networks_RH_ContA_PFCl_2	-42.55969468751753	25.994031038599275	12.100081028593896
17Networks_RH_ContB_Temp_1	-58.38801144469746	0.9500000000000028	-31.186214480017867
17Networks_RH_ContB_IPL_1	-42.21702387903432	-40.00656767561394	17.86921972012534
17Networks_RH_ContB_PFCld_1	-36.0315452985987	27.059927906278148	29.439925407980187
17Networks_RH_ContB_PFClv_1	-28.41038864641333	68.98408710217757	-8.107831787299268
17Networks_RH_ContC_Cingp_1	-3.8577219788635886	-10.077215189873414	11.149621582302865
17Networks_RH_ContC_pCun_1	-10.261137586859144	-44.01590909090909	14.636592653908517
17Networks_RH_DefaultA_IPL_1	-47.77564815340095	-28.932849162011166	5.872514666538658
17Networks_RH_DefaultA_PFCd_1	-21.37837317385895	35.05077452667814	32.9595564247819
17Networks_RH_DefaultA_pCunPCC_1	-7.105750630371013	-31.940624097081766	6.721901985941785
17Networks_RH_DefaultA_PFCm_1	-6.1282803004403235	57.27096774193549	-7.083764285310617
17Networks_RH_DefaultB_PFCd_1	-8.973587591722316	57.06724728726442	23.25114497620674
17Networks_RH_DefaultB_PFCv_1	-32.30145468351855	43.97313272434175	-21.300916026639147
17Networks_RH_DefaultB_PFCv_2	-47.38216371748947	42.00165641268339	-8.752485662402556
17Networks_RH_DefaultC_Rsp_1	-10.120170288543767	-30.8792270531401	-9.47946972907454
17Networks_RH_DefaultC_PHC_1	-27.46137712342617	-1.524930451530068	-29.779374403818856
17Networks_RH_TempPar_1	-48.56677255637653	28.127827827827815	-27.479783055624807
17Networks_RH_TempPar_2	-53.94464676920719	-6.068406205923836	-16.88663812023712
17Networks_RH_TempPar_3	-53.80589226433978	-22.579072532699172	-8.952735906725978
