sub-0001	0.02	1.68	0.005	30000.0	1000	29716455	2	9.1024026235406e-05	0.3919645256651438	0.15431984051670877	0.04147447686298765	393.6103711128235	1
sub-0001	0.02	1.65	0.005	30000.0	1000	29716454	1	9.44263236216078e-05	0.39149422198333783	0.14165859235052508	0.041471074565601444	394.33579754829407	1
sub-0001	0.02	1.71	0.005	30000.0	1000	29716456	3	9.427063969459529e-05	0.3923004568664337	0.06062248160087051	0.04147123024952846	395.61025738716125	1
sub-0001	0.02	1.74	0.005	30000.0	1000	29716664	4	0.0001016593870570398	0.39250201558720776	0.06983234067793787	0.04146384150216601	401.3200113773346	1
sub-0001	0.02	1.69	0.005	30000.0	1000	29716455	2	9.147549392459713e-05	0.3921660843859178	0.055347249078421014	0.04147402539529846	391.34743309020996	1
sub-0001	0.02	1.66	0.005	30000.0	1000	29716454	1	0.00010046425552445968	0.3920988981456598	0.17444164025639272	0.0414650366336986	392.894389629364	1
sub-0001	0.02	1.72	0.005	30000.0	1000	29716456	3	0.00010398630728936257	0.3919645256651438	0.13378508756742746	0.041461514581933694	395.00057721138	1
sub-0001	0.02	1.75	0.005	30000.0	1000	29716664	4	9.627615250056839e-05	0.3926363880677237	0.044000626154523194	0.04146922473672249	395.71345710754395	1
sub-0001	0.025	1.87	0.005	30000.0	1000	29717021	22	5.53152256419078e-05	0.39700349368449345	0.06852881652808072	0.041510185663581146	406.655154466629	1
sub-0001	0.025	1.81	0.005	30000.0	1000	29717019	20	5.8558128276891595e-05	0.39633163128191345	0.07135562814464594	0.041506942760946165	408.79055070877075	1
sub-0001	0.02	1.77	0.005	30000.0	1000	29717004	5	9.20497489626192e-05	0.3928379467884977	0.02605317844985386	0.04147345114026044	409.88896346092224	1
sub-0001	0.02	1.8	0.005	30000.0	1000	29717005	6	9.561733315673511e-05	0.39539102391830155	0.06147804707008891	0.04146988355606632	411.6477777957916	1
sub-0001	0.025	1.84	0.005	30000.0	1000	29717020	21	5.943101579884929e-05	0.39653319000268744	0.06711054282862156	0.04150606987342421	411.0007390975952	1
sub-0001	0.02	1.98	0.005	30000.0	1000	29717011	12	0.005243562997679685	0.38195377586670254	0.42143086424197107	0.03632193789154337	411.3095061779022	1
sub-0001	0.025	1.66	0.005	30000.0	1000	29717014	15	6.741876588901891e-05	0.3959957000806235	0.04735189288728517	0.041498082123334036	411.30220127105713	1
sub-0001	0.025	1.69	0.005	30000.0	1000	29717015	16	7.537351007535583e-05	0.3959957000806235	0.05803462375997727	0.0414901273791477	411.30223512649536	1
sub-0001	0.025	1.72	0.005	30000.0	1000	29717016	17	7.321351917599502e-05	0.39693630744423547	0.07267121145147673	0.04149228737004706	411.66208815574646	1
sub-0001	0.02	2.01	0.005	30000.0	1000	29717012	13	0.006930688356332639	0.36979306638000536	0.2856301834772163	0.03463481253289041	411.3020832538605	1
sub-0001	0.02	1.95	0.005	30000.0	1000	29717010	11	0.0038470719958270828	0.39196452566514384	0.5443999132078381	0.037718428893395974	411.97222876548767	1
sub-0001	0.025	1.75	0.005	30000.0	1000	29717017	18	7.704670852447255e-05	0.39693630744423547	0.0786942333958956	0.04148845418069858	413.2751307487488	1
sub-0001	0.025	1.78	0.005	30000.0	1000	29717018	19	6.47684031993802e-05	0.3963988175221715	0.07794177325601508	0.04150073248602367	406.9173467159271	1
sub-0001	0.02	2.04	0.005	30000.0	1000	29717013	14	0.0066171657408137215	0.37355549583445313	0.2697857554207428	0.03494833514840933	411.30207347869873	1
sub-0001	0.02	1.86	0.005	30000.0	1000	29717007	8	9.4825877020873e-05	0.3942488578339156	0.05065971277773232	0.04147067501220218	411.59270334243774	1
sub-0001	0.02	1.92	0.005	30000.0	1000	29717009	10	0.00020966983839542148	0.39807847352862136	0.5187792565348532	0.041355831050827636	412.5153887271881	1
sub-0001	0.02	1.89	0.005	30000.0	1000	29717008	9	0.0001020268303349097	0.39525665143778554	0.06645963167401953	0.041463474058888145	411.0286428928375	1
sub-0001	0.02	1.83	0.005	30000.0	1000	29717006	7	9.564895036980824e-05	0.3935769954313357	0.061725532399936764	0.04146985193885325	415.77453875541687	1
sub-0001	0.025	1.93	0.005	30000.0	1000	29717023	24	6.29802540498021e-05	0.3986159634506853	0.05499667726364171	0.041502520635173255	406.3094849586487	1
sub-0001	0.025	1.9	0.005	30000.0	1000	29717022	23	4.857613881854197e-05	0.3986159634506853	0.0898120744850238	0.04151692475040451	406.7469255924225	1
sub-0001	0.02	1.7	0.005	30000.0	1000	29716455	2	9.722796447198465e-05	0.39209889814565974	0.1020248963552153	0.04146827292475107	391.6981065273285	1
sub-0001	0.02	1.67	0.005	30000.0	1000	29716454	1	0.00010046376620812157	0.3920988981456598	0.2231058951221024	0.041465037123014935	392.9873538017273	1
sub-0001	0.02	1.73	0.005	30000.0	1000	29716456	3	9.835271581311035e-05	0.3925020155872077	0.04410590186654795	0.04146714817340994	398.306423664093	1
sub-0001	0.025	2.05	0.005	30000.0	1000	29717237	28	0.017881174472966787	0.2866165009406073	0.5198445910017534	0.023684326416256268	405.31287932395935	1
sub-0001	0.025	1.99	0.005	30000.0	1000	29717235	26	0.00011384513322444063	0.40264713786616496	0.4296685536678273	0.041451655755998615	406.2526445388794	1
sub-0001	0.025	2.02	0.005	30000.0	1000	29717236	27	0.0003889789566692792	0.401840902983069	0.5431493225892216	0.04117652193255378	407.43872451782227	1
sub-0001	0.03	1.94	0.005	30000.0	1000	29717247	38	0.0002843285727840556	0.3950550927170115	0.11550432656995359	0.041281172316439	403.0541207790375	1
sub-0001	0.025	1.96	0.005	30000.0	1000	29717234	25	6.180609139084485e-05	0.39955657081429724	0.06304537470940298	0.04150369479783221	408.53209400177	1
sub-0001	0.03	1.97	0.005	30000.0	1000	29717248	39	0.00038655986330439517	0.39686912120397744	0.18423812706902995	0.04117894102591866	403.39131784439087	1
sub-0001	0.035	1.68	0.005	30000.0	1000	29717252	43	0.0001860761913759411	0.39129266326256384	0.13746888199540797	0.04137942469784711	406.78933334350586	1
sub-0001	0.03	2.03	0.005	30000.0	1000	29717250	41	0.001066253197591141	0.3916957807041118	0.1871128049263245	0.040499247691631914	407.10401463508606	1
sub-0001	0.035	1.71	0.005	30000.0	1000	29717253	44	0.0001303768944805507	0.3920988981456598	0.15856126746701985	0.0414351239947425	407.5230939388275	1
sub-0001	0.035	1.65	0.005	30000.0	1000	29717251	42	0.00017252214107365003	0.3920988981456598	0.13096297762378173	0.04139297874814941	408.4042127132416	1
sub-0001	0.03	1.91	0.005	30000.0	1000	29717246	37	0.0001818307902078059	0.39599570008062346	0.12650685989498175	0.04138367009901525	409.1916365623474	1
sub-0001	0.03	1.73	0.005	30000.0	1000	29717240	31	9.464926117994357e-05	0.39606288632088144	0.11418857683460817	0.041470851628043114	409.2292721271515	1
sub-0001	0.03	2.0	0.005	30000.0	1000	29717249	40	0.000972974809544314	0.3943832303144316	0.251099661046048	0.04059252607967874	406.39312076568604	1
sub-0001	0.03	1.82	0.005	30000.0	1000	29717243	34	0.00012958062500885423	0.3957941413598495	0.12988121901814295	0.0414359202642142	409.7494258880615	1
sub-0001	0.03	1.76	0.005	30000.0	1000	29717241	32	0.00010449996583025723	0.3957269551195915	0.11210042151865665	0.0414610009233928	410.1827404499054	1
sub-0001	0.03	1.88	0.005	30000.0	1000	29717245	36	0.00014947178126058656	0.3968019349637194	0.10631218365034527	0.041416029107962465	410.23021960258484	1
sub-0001	0.03	1.79	0.005	30000.0	1000	29717242	33	0.00010633447708021451	0.3965331900026875	0.09810364769862533	0.04145916641214284	410.59978318214417	1
sub-0001	0.03	1.67	0.005	30000.0	1000	29717238	29	0.00011570706626503557	0.3967347487234615	0.08275040925112233	0.04144979382295802	410.5937829017639	1
sub-0001	0.03	1.85	0.005	30000.0	1000	29717244	35	0.00011343542185122915	0.39525665143778554	0.11748227044488722	0.041452065467371825	411.94831681251526	1
sub-0001	0.03	1.7	0.005	30000.0	1000	29717239	30	8.692556873277484e-05	0.39592851384036554	0.0893334778319463	0.04147857532049028	411.0540750026703	1
sub-0001	0.02	1.76	0.005	30000.0	1000	29716664	4	9.941984425269891e-05	0.39324106423004573	0.023953178988785965	0.041466081044970356	395.66674852371216	1
sub-0001	0.025	1.88	0.005	30000.0	1000	29717021	22	4.884087093107656e-05	0.39935501209352325	0.09942646683343133	0.041516660018291976	408.0519664287567	1
sub-0001	0.025	1.85	0.005	30000.0	1000	29717020	21	5.9294724606229265e-05	0.39727223864552536	0.061503338677039485	0.041506206164616824	408.1062500476837	1
sub-0001	0.025	1.82	0.005	30000.0	1000	29717019	20	6.663611169450132e-05	0.3962644450416555	0.0472911336061679	0.04149886477752855	411.53079628944397	1
sub-0001	0.025	1.79	0.005	30000.0	1000	29717018	19	6.599678065280269e-05	0.3961300725611395	0.06872111710231384	0.04149950410857025	408.80575466156006	1
sub-0001	0.02	1.78	0.005	30000.0	1000	29717004	5	0.00010297798089881867	0.3938457403923677	0.030846844467198948	0.04146252290832424	410.94015526771545	1
sub-0001	0.025	1.76	0.005	30000.0	1000	29717017	18	8.144713589784806e-05	0.3966675624832035	0.07732251723169878	0.04148405375332521	409.5122652053833	1
sub-0001	0.02	2.02	0.005	30000.0	1000	29717012	13	0.0033961347021029655	0.3902176834184359	0.48926549516562035	0.038169366187120086	409.62848806381226	1
sub-0001	0.02	2.05	0.005	30000.0	1000	29717013	14	0.004465388775650243	0.38000537489922065	0.30766357133513894	0.03710011211357281	409.62589383125305	1
sub-0001	0.02	1.81	0.005	30000.0	1000	29717005	6	0.00010945221114070148	0.3935769954313356	0.06719555629206114	0.041456048678082356	411.46287846565247	1
sub-0001	0.02	1.99	0.005	30000.0	1000	29717011	12	0.009924673647217826	0.3425154528352594	0.2604294920192266	0.03164082724200523	409.786429643631	1
sub-0001	0.025	1.7	0.005	30000.0	1000	29717015	16	7.413731868528607e-05	0.39606288632088144	0.06997476217357655	0.041491363570537766	409.9220521450043	1
sub-0001	0.02	1.96	0.005	30000.0	1000	29717010	11	0.0005832704229958737	0.4020424617038431	0.6109491008893095	0.04098223046622718	410.11533403396606	1
sub-0001	0.025	1.73	0.005	30000.0	1000	29717016	17	6.696507977808168e-05	0.39680193496371946	0.05826067441983088	0.04149853580944497	409.7158281803131	1
sub-0001	0.025	1.67	0.005	30000.0	1000	29717014	15	7.00356128566338e-05	0.3961300725611395	0.06442173895472142	0.04149546527636642	410.4341652393341	1
sub-0001	0.025	1.91	0.005	30000.0	1000	29717022	23	5.327821600238831e-05	0.39915345337274927	0.14102464763696843	0.04151222267322067	407.0266709327698	1
sub-0001	0.025	1.94	0.005	30000.0	1000	29717023	24	5.336765162740336e-05	0.39868314969094326	0.06440764322728147	0.04151213323759565	410.4406101703644	1
sub-0001	0.02	1.87	0.005	30000.0	1000	29717007	8	0.00011052615711405532	0.3961972588013975	0.12718242537519195	0.041454974732109	411.40023708343506	1
sub-0001	0.02	1.9	0.005	30000.0	1000	29717008	9	9.14529691673114e-05	0.39875033593120124	0.27792217902992705	0.04147404792005574	411.4458611011505	1
sub-0001	0.02	1.93	0.005	30000.0	1000	29717009	10	9.278088431549123e-05	0.39841440472991135	0.3518353300712154	0.041472720004907565	411.7019736766815	1
sub-0001	0.02	1.84	0.005	30000.0	1000	29717006	7	0.00010238786016972495	0.3945176027949476	0.049941056431820154	0.04146311302905333	414.61543703079224	1
sub-0001	0.04	1.78	0.005	30000.0	1000	29717562	60	0.0015998491146642715	0.38188658962644445	0.2631813090355582	0.03996565177455878	405.9313712120056	1
sub-0001	0.04	1.81	0.005	30000.0	1000	29717563	61	0.0022020114690528285	0.38222252082773445	0.2783139730424077	0.039363489420170227	407.477947473526	1
sub-0001	0.04	1.75	0.005	30000.0	1000	29717561	59	0.0013488005472779769	0.3835662456328943	0.23889502528359505	0.04021670034194508	409.4571166038513	1
sub-0001	0.035	1.89	0.005	30000.0	1000	29717552	50	0.002435071238496945	0.3879333512496641	0.25600083187099965	0.039130429650726106	407.7394771575928	1
sub-0001	0.035	1.83	0.005	30000.0	1000	29717550	48	0.0004020416106048214	0.38994893845740397	0.23603068383431677	0.04116345927861823	407.9188041687012	1
sub-0001	0.035	1.86	0.005	30000.0	1000	29717551	49	0.000781477305263614	0.38685837140553614	0.24111767821235597	0.04078402358395944	407.73669266700745	1
sub-0001	0.035	1.8	0.005	30000.0	1000	29717549	47	0.00044385383853518255	0.3906208008599839	0.19088545537639454	0.041121647050687875	408.46511220932007	1
sub-0001	0.035	1.77	0.005	30000.0	1000	29717548	46	0.000270817566421404	0.39035205589895194	0.15173312145598064	0.04129468332280165	408.4924657344818	1
sub-0001	0.035	1.92	0.005	30000.0	1000	29717553	51	0.0038335491493923773	0.37832571889277083	0.26293143420703846	0.037731951739830676	407.2293164730072	1
sub-0001	0.035	1.95	0.005	30000.0	1000	29717554	52	0.0021706637629611736	0.38443966675624835	0.29621085726572555	0.03939483712626188	407.36036944389343	1
sub-0001	0.04	1.66	0.005	30000.0	1000	29717558	56	0.0005782926738039187	0.38443966675624835	0.1766443261705692	0.04098720821541914	407.4658901691437	1
sub-0001	0.035	2.01	0.005	30000.0	1000	29717556	54	0.03167751224715188	0.23313625369524327	0.6672826880641558	0.009887988642071174	407.7731513977051	1
sub-0001	0.04	1.84	0.005	30000.0	1000	29717564	62	0.002973386043329636	0.37812416017199674	0.2627034627679751	0.03859211484589342	409.92292976379395	1
sub-0001	0.035	1.98	0.005	30000.0	1000	29717555	53	0.00492982879345619	0.38638806772373024	0.48363721162149786	0.03663567209576686	409.13131523132324	1
sub-0001	0.035	2.04	0.005	30000.0	1000	29717557	55	0.03577389190070336	0.14592851384036554	0.7281055961171864	0.005791608988519693	409.03112626075745	1
sub-0001	0.04	1.72	0.005	30000.0	1000	29717560	58	0.0005847774585734319	0.3856490190808922	0.19308257519210623	0.040980723430649624	413.71209478378296	1
sub-0001	0.04	1.9	0.005	30000.0	1000	29717566	64	0.00596656677217704	0.3694571351787155	0.47222764691041164	0.03559893411704602	412.8151948451996	1
sub-0001	0.04	1.87	0.005	30000.0	1000	29717565	63	0.005107670282360594	0.3757726417629669	0.3807084767136759	0.03645783060686246	413.1004955768585	1
sub-0001	0.04	1.69	0.005	30000.0	1000	29717559	57	0.000504934656315418	0.38638806772373024	0.19565799113061896	0.04106056623290764	413.5521740913391	1
sub-0001	0.04	1.96	0.005	30000.0	1000	29717656	66	0.03432922370226751	0.07598763773179251	0.6726053761178792	0.0072362771869555476	407.005731344223	1
sub-0001	0.04	2.02	0.005	30000.0	1000	29717658	68	0.03975116155482274	0.07235958075786086	0.7444595824351996	0.0018143393344003111	407.1652510166168	1
sub-0001	0.04	1.93	0.005	30000.0	1000	29717655	65	0.012170046131689984	0.3310937919914001	0.5746138226243019	0.029395454757533072	410.14423394203186	1
sub-0001	0.04	1.99	0.005	30000.0	1000	29717657	67	0.03545590918577232	0.08740929857565172	0.7262514847329908	0.006109591703450733	408.69163632392883	1
sub-0001	0.045	1.73	0.005	30000.0	1000	29717773	72	0.001870607761769711	0.37893039505509274	0.3272260529431026	0.03969489312745334	406.6423411369324	1
sub-0001	0.045	1.7	0.005	30000.0	1000	29717772	71	0.0016833347687752766	0.38195377586670254	0.31235416144336275	0.03988216612044778	407.01968789100647	1
sub-0001	0.045	1.67	0.005	30000.0	1000	29717771	70	0.0015647334175897373	0.3826256382692824	0.2519676952734753	0.040000767471633315	408.7049226760864	1
sub-0001	0.04	2.05	0.005	30000.0	1000	29717770	69	0.03383392335513502	0.14478634775597965	0.67391703140098	0.007731577534088034	407.83358550071716	1
sub-0001	0.045	1.82	0.005	30000.0	1000	29717776	75	0.006042284360288986	0.374294544477291	0.43266995134429115	0.035523216528934067	406.7195851802826	1
sub-0001	0.045	1.79	0.005	30000.0	1000	29717775	74	0.004082152145607671	0.3740257995162591	0.374559073895259	0.037483348743615384	407.2290925979614	1
sub-0001	0.045	1.76	0.005	30000.0	1000	29717774	73	0.0023833299244994956	0.3781241601719968	0.3655345943361224	0.03918217096472356	408.2097501754761	1
sub-0001	0.045	1.85	0.005	30000.0	1000	29717777	76	0.011360862558696984	0.3478903520558989	0.5668079247878032	0.03020463833052607	410.043274641037	1
sub-0001	0.035	1.74	0.005	30000.0	1000	29717547	45	0.00015404883806469045	0.3919645256651438	0.12141272974075774	0.041411452051158364	508.80397629737854	1
sub-0001	0.03	1.98	0.005	30000.0	1000	29717248	39	0.0006712385035685664	0.3935769954313357	0.13756980434541835	0.04089426238565449	403.04933643341064	1
sub-0001	0.045	1.91	0.005	30000.0	1000	29717934	78	0.02522859228682831	0.1782450954044612	0.6107156597459442	0.016336908602394746	405.88164234161377	1
sub-0001	0.03	1.65	0.005	30000.0	1000	29717237	28	0.00010124645031022819	0.39686912120397744	0.08093926211826491	0.04146425443891283	408.741899728775	1
sub-0001	0.03	1.95	0.005	30000.0	1000	29717247	38	0.00028806412515761944	0.39680193496371946	0.1796159301988822	0.04127743676406544	405.47796177864075	1
sub-0001	0.025	2.0	0.005	30000.0	1000	29717235	26	0.0001795195977956878	0.3993550120935233	0.29056541707834926	0.041385981291427364	409.5070745944977	1
sub-0001	0.025	2.03	0.005	30000.0	1000	29717236	27	0.00035573481219968947	0.4066111260413867	0.7283490427327997	0.04120976607702336	407.8787302970886	1
sub-0001	0.045	1.88	0.005	30000.0	1000	29717933	77	0.018543500630668504	0.2691480784735286	0.5850627907088165	0.02302200025855455	408.9306538105011	1
sub-0001	0.025	1.97	0.005	30000.0	1000	29717234	25	8.91025882148121e-05	0.4040580489115829	0.2814575817048311	0.041476398301008244	408.9462311267853	1
sub-0001	0.03	2.01	0.005	30000.0	1000	29717249	40	0.0021820313347806174	0.3977425423273314	0.3666936753913852	0.03938346955444244	407.818457365036	1
sub-0001	0.035	1.69	0.005	30000.0	1000	29717252	43	0.00014596464928629113	0.3923676431066918	0.12031947361934434	0.041419536239936765	408.10557079315186	1
sub-0001	0.03	2.04	0.005	30000.0	1000	29717250	41	0.0008776401464374071	0.39559258263907554	0.38247691798562494	0.040687860742785645	408.572279214859	1
sub-0001	0.035	1.66	0.005	30000.0	1000	29717251	42	0.00015320349297375232	0.3919645256651438	0.11878488452329007	0.041412297396249305	408.69525504112244	1
sub-0001	0.03	1.92	0.005	30000.0	1000	29717246	37	0.00016768842603737455	0.39586132760010756	0.12845868567266824	0.04139781246318568	407.5069499015808	1
sub-0001	0.03	1.77	0.005	30000.0	1000	29717241	32	9.365197289699618e-05	0.39639881752217143	0.11694434640364365	0.041471848916326055	407.83558344841003	1
sub-0001	0.03	1.74	0.005	30000.0	1000	29717240	31	0.00010760414534068633	0.39653319000268744	0.12492753771932232	0.041457896743882366	409.1668162345886	1
sub-0001	0.03	1.89	0.005	30000.0	1000	29717245	36	0.00018202991678764352	0.3966003762429455	0.1365616908550938	0.04138347097243541	409.30019450187683	1
sub-0001	0.03	1.83	0.005	30000.0	1000	29717243	34	9.849250690476375e-05	0.39680193496371946	0.10465704343750128	0.04146700838231829	409.64570593833923	1
sub-0001	0.03	1.86	0.005	30000.0	1000	29717244	35	9.333200373679792e-05	0.3965331900026875	0.12629475704360696	0.04147216888548626	409.82132363319397	1
sub-0001	0.035	1.72	0.005	30000.0	1000	29717253	44	0.00016996230834348108	0.3931066917495297	0.13327831452528446	0.041395538580879576	410.31135630607605	1
sub-0001	0.03	1.71	0.005	30000.0	1000	29717239	30	0.00010516783911502465	0.3966003762429454	0.09011530532885538	0.04146033305010803	409.58978390693665	1
sub-0001	0.03	1.68	0.005	30000.0	1000	29717238	29	0.0001007416841878406	0.39613007256113947	0.09095419159182189	0.041464759205035215	411.0038044452667	1
sub-0001	0.03	1.8	0.005	30000.0	1000	29717242	33	8.366960960697718e-05	0.39700349368449345	0.1004111230019454	0.04148183127961608	411.0877892971039	1
sub-0001	0.05	1.65	0.005	30000.0	1000	29717996	83	0.001199824645855823	0.38181940338618653	0.2857204708986756	0.04036567624336723	406.1830005645752	1
sub-0001	0.045	1.94	0.005	30000.0	1000	29717992	79	0.030938376844588358	0.14129266326256384	0.6901033603687062	0.010627124044634697	407.22268891334534	1
sub-0001	0.045	2.03	0.005	30000.0	1000	29717995	82	0.03555535287150036	0.08586401504971786	0.6788508369933055	0.006010148017722691	409.9516348838806	1
sub-0001	0.045	2.0	0.005	30000.0	1000	29717994	81	0.04049173843404436	0.016930932545014765	0.6799086486923205	0.0010737624551786923	408.9854509830475	1
sub-0001	0.045	1.97	0.005	30000.0	1000	29717993	80	0.043235643093640794	0.03547433485622142	0.6972981080169113	0.0016701422044177391	409.14581060409546	1
sub-0001	0.05	1.68	0.005	30000.0	1000	29717997	84	0.0017818668892773646	0.37879602257457673	0.3570170951182713	0.03978363399994569	410.5734248161316	1
sub-0001	0.05	1.71	0.005	30000.0	1000	29717998	85	0.002769687679368319	0.37758667024993287	0.35794309049997086	0.038795813209854736	411.6080355644226	1
sub-0001	0.05	1.83	0.005	30000.0	1000	29718010	89	0.010559781849250573	0.35796828809459824	0.5154733613250226	0.03100571903997248	409.9897196292877	1
sub-0001	0.05	1.74	0.005	30000.0	1000	29718007	86	0.0040761677675563	0.37496640687987104	0.41895101211196367	0.03748933312166675	409.1681900024414	1
sub-0001	0.05	1.8	0.005	30000.0	1000	29718009	88	0.00850872897021844	0.35427304488040845	0.47036069513147355	0.033056771919004614	408.0032112598419	1
sub-0001	0.05	1.77	0.005	30000.0	1000	29718008	87	0.004868897216658369	0.37174146734748725	0.45933906665669744	0.036696603672564686	410.6332585811615	1
sub-0001	0.025	1.89	0.005	30000.0	1000	29717021	22	5.2385992311229464e-05	0.39848159097016933	0.10291544684803507	0.041513114896911826	408.3280770778656	1
sub-0001	0.025	1.86	0.005	30000.0	1000	29717020	21	6.106484062536978e-05	0.3977425423273314	0.04461716100447176	0.04150443604859769	408.6842062473297	1
sub-0001	0.025	1.83	0.005	30000.0	1000	29717019	20	6.1129527611401e-05	0.3969363074442354	0.06659005257763109	0.041504371361611656	411.4316508769989	1
sub-0001	0.025	1.8	0.005	30000.0	1000	29717018	19	6.756964928203396e-05	0.3962644450416555	0.0717783144424607	0.04149793123994102	407.1511354446411	1
sub-0001	0.025	1.92	0.005	30000.0	1000	29717022	23	6.789037724417435e-05	0.4002284332168772	0.15671788736275205	0.04149761051197888	406.8516516685486	1
sub-0001	0.025	1.95	0.005	30000.0	1000	29717023	24	5.37151816560329e-05	0.39989250201558724	0.1653404235929886	0.04151178570756702	406.92250537872314	1
sub-0001	0.025	1.71	0.005	30000.0	1000	29717015	16	7.180084204412667e-05	0.39633163128191345	0.07096360336479998	0.04149370004717893	409.2726180553436	1
sub-0001	0.025	1.74	0.005	30000.0	1000	29717016	17	7.583234855019586e-05	0.39700349368449345	0.07710817495893825	0.04148966854067286	409.65940833091736	1
sub-0001	0.02	2.0	0.005	30000.0	1000	29717011	12	0.01265300678071735	0.30885514646600376	0.3971866466678197	0.028912494108505705	409.75356006622314	1
sub-0001	0.02	2.03	0.005	30000.0	1000	29717012	13	0.005058625695126513	0.375369524321419	0.3059280905697703	0.03650687519409654	410.28700709342957	1
sub-0001	0.02	1.79	0.005	30000.0	1000	29717004	5	9.80691722370581e-05	0.3929723192690137	0.059550639130770924	0.041467431716986	409.9662892818451	1
sub-0001	0.025	1.68	0.005	30000.0	1000	29717014	15	7.14554589913343e-05	0.39599570008062346	0.05903395133683374	0.04149404543023172	410.6304271221161	1
sub-0001	0.025	1.65	0.005	30000.0	1000	29717013	14	7.135429997014963e-05	0.3961972588013975	0.044701870330985397	0.041494146589252906	410.6917586326599	1
sub-0001	0.02	1.82	0.005	30000.0	1000	29717005	6	0.00010139669514742938	0.39384574039236764	0.028192782324311046	0.041464104194075625	409.5167956352234	1
sub-0001	0.02	1.97	0.005	30000.0	1000	29717010	11	0.0021784804876482933	0.4061408223595807	0.6962661962124916	0.03938702040157476	410.63847398757935	1
sub-0001	0.025	1.77	0.005	30000.0	1000	29717017	18	6.806328432746218e-05	0.39606288632088144	0.09205912323062798	0.04149743760489559	411.6666669845581	1
sub-0001	0.02	1.88	0.005	30000.0	1000	29717007	8	0.0001391518530332733	0.3965331900026875	0.3271410549721335	0.04142634903618978	410.57472038269043	1
sub-0001	0.02	1.94	0.005	30000.0	1000	29717009	10	9.809567428641536e-05	0.39754098360655743	0.2868558222283481	0.04146740521493664	411.0475103855133	1
sub-0001	0.02	1.91	0.005	30000.0	1000	29717008	9	0.0001167001003283634	0.3957941413598495	0.2544043015199564	0.041448800788894694	411.20643949508667	1
sub-0001	0.02	1.85	0.005	30000.0	1000	29717006	7	9.775476499772481e-05	0.39411448535339966	0.07788726439173184	0.04146774612422533	414.39244747161865	1
sub-0001	0.05	1.89	0.005	30000.0	1000	29718012	91	0.021876003113532307	0.22480515990325178	0.6034751048309093	0.019689497775690748	408.0935089588165	1
sub-0001	0.05	1.86	0.005	30000.0	1000	29718011	90	0.017585306058768808	0.27385111529158834	0.5881568015440996	0.023980194830454247	408.5490462779999	1
sub-0001	0.05	1.92	0.005	30000.0	1000	29718013	92	0.02187020131467598	0.23770491803278693	0.5943015982603598	0.019695299574547076	409.07754135131836	1
sub-0001	0.05	1.95	0.005	30000.0	1000	29718014	93	0.03504812960833034	0.059862940069873694	0.6412044036477442	0.006517371280892713	408.1953809261322	1
sub-0001	0.05	2.04	0.005	30000.0	1000	29715308	96	0.03081808298399224	0.13800053748992214	0.553707544070693	0.010747417905230816	409.4408357143402	1
sub-0001	0.05	1.98	0.005	30000.0	1000	29718015	94	0.029850751140450646	0.12866165009406072	0.6279968492615285	0.011714749748772409	411.18955183029175	1
sub-0001	0.05	2.01	0.005	30000.0	1000	29718016	95	0.02327189241637332	0.2057242676699812	0.6308377422330059	0.018293608472849734	407.91473484039307	1
sub-0001	0.04	1.79	0.005	30000.0	1000	29717562	60	0.001981709761405838	0.3823568933082505	0.3156519157953164	0.039583791127817215	406.42637181282043	1
sub-0001	0.04	1.82	0.005	30000.0	1000	29717563	61	0.0032497094483050293	0.3804084923407686	0.28019810593041217	0.038315791440918026	407.20459938049316	1
sub-0001	0.04	1.76	0.005	30000.0	1000	29717561	59	0.0008450289021869305	0.3840365493147004	0.1969039875837068	0.04072047198703613	408.9647080898285	1
sub-0001	0.035	1.78	0.005	30000.0	1000	29717548	46	0.0003552338282053096	0.3910911045417898	0.17025817234849464	0.04121026706101775	407.40273356437683	1
sub-0001	0.035	1.84	0.005	30000.0	1000	29717550	48	0.001093100115425826	0.389008331093792	0.22402484161953878	0.040472400773797226	407.8527979850769	1
sub-0001	0.035	1.81	0.005	30000.0	1000	29717549	47	0.00027261928502437854	0.39129266326256384	0.17750029048868463	0.041292881604198674	407.8899927139282	1
sub-0001	0.035	1.93	0.005	30000.0	1000	29717553	51	0.002488639386974339	0.38316312819134646	0.31899322167199545	0.03907686150224872	406.8339469432831	1
sub-0001	0.035	1.96	0.005	30000.0	1000	29717554	52	0.007423667962040228	0.3571620532115023	0.43613045342843787	0.03414183292718283	407.85934114456177	1
sub-0001	0.04	1.67	0.005	30000.0	1000	29717558	56	0.00042486474300068344	0.3862536952432142	0.17731371138403518	0.04114063614622237	408.30566930770874	1
sub-0001	0.04	1.85	0.005	30000.0	1000	29717564	62	0.0031153048119383765	0.3779226014512228	0.37022978529500905	0.03845019607728468	407.09299874305725	1
sub-0001	0.035	1.99	0.005	30000.0	1000	29717555	53	0.008679546018263165	0.35911045417898413	0.41208787356301907	0.03288595487095989	408.3138196468353	1
sub-0001	0.035	2.02	0.005	30000.0	1000	29717556	54	0.007099449563339576	0.37174146734748725	0.7368177021095986	0.03446605132588348	409.15053844451904	1
sub-0001	0.035	1.9	0.005	30000.0	1000	29717552	50	0.001064512898987296	0.38880677237301803	0.27041532863979023	0.04050098799023576	410.8592092990875	1
sub-0001	0.035	2.05	0.005	30000.0	1000	29717557	55	0.029599007095250422	0.1836199946251008	0.7458917756440275	0.011966493793972632	409.3361954689026	1
sub-0001	0.035	1.87	0.005	30000.0	1000	29717551	49	0.0007849193828489384	0.3866568126847621	0.24329179801172324	0.04078058150637412	411.35695028305054	1
sub-0001	0.04	1.88	0.005	30000.0	1000	29717565	63	0.004520477300340055	0.3706664875033594	0.39065531161908107	0.037045023588883	408.28620052337646	1
sub-0001	0.04	1.91	0.005	30000.0	1000	29717566	64	0.006050089270326654	0.3623353937113679	0.38296319249667443	0.0355154116188964	408.5360915660858	1
sub-0001	0.04	1.7	0.005	30000.0	1000	29717559	57	0.0006614534396997604	0.3837678043536684	0.18412970847476579	0.04090404744952329	409.86094307899475	1
sub-0001	0.04	1.73	0.005	30000.0	1000	29717560	58	0.0008323791078375485	0.38430529427573235	0.21762529810191933	0.04073312178138551	412.57140374183655	1
sub-0001	0.04	1.97	0.005	30000.0	1000	29717656	66	0.018311559116398486	0.2600779360386992	0.697329049608075	0.02325394177282457	408.9712941646576	1
sub-0001	0.04	2.03	0.005	30000.0	1000	29717658	68	0.05147125957753897	0.1011152915882827	0.7305639200214393	0.009905758688315919	407.3822774887085	1
sub-0001	0.04	1.94	0.005	30000.0	1000	29717655	65	0.013611511888139664	0.3224267669981188	0.56907490517384	0.02795398900108339	408.30984592437744	1
sub-0001	0.04	2.0	0.005	30000.0	1000	29717657	67	0.043672442836132384	0.047970975544208594	0.7405090898311998	0.00210694194690933	409.3143768310547	1
sub-0001	0.045	1.71	0.005	30000.0	1000	29717772	71	0.0016338230537590592	0.38155065842515457	0.2651557354856903	0.039931677835463995	406.7413926124573	1
sub-0001	0.045	1.68	0.005	30000.0	1000	29717771	70	0.0017243751371361332	0.3798038161784466	0.2806635587800723	0.03984112575208692	406.26549553871155	1
sub-0001	0.045	1.74	0.005	30000.0	1000	29717773	72	0.0023585493928319034	0.3796022574576727	0.3188204024631483	0.039206951496391154	408.3631007671356	1
sub-0001	0.045	1.65	0.005	30000.0	1000	29717770	69	0.0008246558893793435	0.3843724805159904	0.2189345927511714	0.04074084499984371	407.80120301246643	1
sub-0001	0.045	1.77	0.005	30000.0	1000	29717774	73	0.0031492697589831664	0.37671324912657883	0.3978382971777068	0.03841623113023989	406.20586013793945	1
sub-0001	0.045	1.83	0.005	30000.0	1000	29717776	75	0.007469952124632678	0.36643375436710557	0.4775678260828707	0.03409554876459038	407.01859164237976	1
sub-0001	0.045	1.8	0.005	30000.0	1000	29717775	74	0.007182422601692512	0.3694571351787155	0.391651149793559	0.034383078287530545	407.1789255142212	1
sub-0001	0.045	1.86	0.005	30000.0	1000	29717777	76	0.009320505082662672	0.35561676968556843	0.5133383529552411	0.032244995806560386	409.1067430973053	1
sub-0001	0.03	1.99	0.005	30000.0	1000	29717248	39	0.0021730733858736227	0.39787691480784737	0.3318845882380054	0.03939242750334943	403.5140817165375	1
sub-0001	0.03	1.96	0.005	30000.0	1000	29717247	38	0.0003393837397858631	0.39821284600913737	0.15279843424221815	0.04122611714943719	402.522661447525	1
sub-0001	0.045	1.92	0.005	30000.0	1000	29717934	78	0.02302345995188101	0.21452566514377847	0.6669251052421775	0.018542040937342043	406.51242184638977	1
sub-0001	0.025	2.01	0.005	30000.0	1000	29717235	26	0.00013500289434198822	0.4041252351518409	0.256734033680689	0.04143049799488106	407.3961536884308	1
sub-0001	0.045	1.89	0.005	30000.0	1000	29717933	77	0.02234297697831484	0.21492878258532655	0.5973694506371349	0.019222523910908215	406.92470598220825	1
sub-0001	0.025	2.04	0.005	30000.0	1000	29717236	27	0.021112189449791756	0.2897742542327332	0.5234492567150731	0.0204533114394313	408.3391852378845	1
sub-0001	0.03	1.66	0.005	30000.0	1000	29717237	28	0.00012130447275378854	0.39693630744423547	0.08073693979225378	0.041444196416469264	407.16466307640076	1
sub-0001	0.025	1.98	0.005	30000.0	1000	29717234	25	0.0007977370126187681	0.3923676431066917	0.40192934239343253	0.04076776387660429	408.79164457321167	1
sub-0001	0.03	2.05	0.005	30000.0	1000	29717250	41	0.042633046743505654	0.061475409836065587	0.6221669825152946	0.0010675458542825991	407.6123490333557	1
sub-0001	0.035	1.7	0.005	30000.0	1000	29717252	43	0.00018524308128356143	0.39196452566514384	0.12864213339745012	0.04138025780793949	408.3892569541931	1
sub-0001	0.035	1.67	0.005	30000.0	1000	29717251	42	0.00013383296079612437	0.39142703574307985	0.1185304778743188	0.04143166792842693	408.82894682884216	1
sub-0001	0.03	1.78	0.005	30000.0	1000	29717241	32	8.651974336604693e-05	0.3962644450416555	0.10725099200742776	0.041478981145857005	407.86393189430237	1
sub-0001	0.03	2.02	0.005	30000.0	1000	29717249	40	0.0008669213579315852	0.3943832303144316	0.20593377221454298	0.04069857953129147	409.25550270080566	1
sub-0001	0.03	1.75	0.005	30000.0	1000	29717240	31	0.0001189179517386147	0.39559258263907554	0.10116947901674624	0.04144658293748444	410.0501637458801	1
sub-0001	0.03	1.84	0.005	30000.0	1000	29717243	34	8.992367272182598e-05	0.3968019349637194	0.14620418069636282	0.041475577216501226	409.3721249103546	1
sub-0001	0.03	1.81	0.005	30000.0	1000	29717242	33	9.933748748311673e-05	0.39619725880139745	0.11430579117535904	0.04146616340173994	409.26614904403687	1
sub-0001	0.035	1.73	0.005	30000.0	1000	29717253	44	0.00017726123697922675	0.39223327062617575	0.14189318589998728	0.04138823965224383	409.5412850379944	1
sub-0001	0.03	1.72	0.005	30000.0	1000	29717239	30	0.0001131518635503551	0.3965331900026874	0.10980636578300765	0.0414523490256727	409.6818902492523	1
sub-0001	0.03	1.93	0.005	30000.0	1000	29717246	37	0.00026646108712583916	0.3957269551195915	0.16248149535425438	0.04129903980209722	408.9137969017029	1
sub-0001	0.03	1.9	0.005	30000.0	1000	29717245	36	0.00017782839371158397	0.3967347487234615	0.13563039441756838	0.04138767249551147	411.5217967033386	1
sub-0001	0.03	1.69	0.005	30000.0	1000	29717238	29	0.00010433947921304548	0.39666756248320345	0.08716242013877336	0.04146116141001001	410.67738938331604	1
sub-0001	0.03	1.87	0.005	30000.0	1000	29717244	35	0.00013986960288671845	0.3961972588013975	0.1346173366880572	0.041425631286336334	410.2759585380554	1
sub-0001	0.05	1.66	0.005	30000.0	1000	29717996	83	0.0012424952882625145	0.3827600107497985	0.30398240343693583	0.04032300560096054	406.3834979534149	1
sub-0001	0.045	1.95	0.005	30000.0	1000	29717992	79	0.0291542492989835	0.11784466541252359	0.6834717751826601	0.012411251590239553	408.04600644111633	1
sub-0001	0.035	1.75	0.005	30000.0	1000	29717547	45	0.00023688833835258937	0.39283794678849776	0.158461509334301	0.04132861255087047	509.9673750400543	1
sub-0001	0.045	2.04	0.005	30000.0	1000	29717995	82	0.033499913768255035	0.1001746842246708	0.6473828404620036	0.00806558712096802	410.75350546836853	1
sub-0001	0.045	1.98	0.005	30000.0	1000	29717993	80	0.045113082105052826	0.041319537758667035	0.6521406244787568	0.0035475812158297718	410.42155599594116	1
sub-0001	0.045	2.01	0.005	30000.0	1000	29717994	81	0.03872196339793071	0.05368180596613814	0.699127732906468	0.0028435374912923472	410.4491436481476	1
sub-0001	0.05	1.69	0.005	30000.0	1000	29717997	84	0.002530194567346514	0.38061005106154255	0.400319896338144	0.03903530632187654	408.4192695617676	1
sub-0001	0.05	1.72	0.005	30000.0	1000	29717998	85	0.0035325320020617576	0.3773851115291588	0.3726972616417276	0.038032968887161296	408.4843351840973	1
sub-0001	0.05	1.84	0.005	30000.0	1000	29718010	89	0.010713599748353028	0.3509137328675087	0.530022290855542	0.030851901140870025	407.4570035934448	1
sub-0001	0.05	1.81	0.005	30000.0	1000	29718009	88	0.008195290325323538	0.3644181671593657	0.45365068974054545	0.033370210563899515	406.95783376693726	1
sub-0001	0.05	1.75	0.005	30000.0	1000	29718007	86	0.006114876280161721	0.37147272238645523	0.4321228455871518	0.035450624609061336	409.80367374420166	1
sub-0001	0.05	1.78	0.005	30000.0	1000	29718008	87	0.006781191145391793	0.36797903789303954	0.5086679547764844	0.03478430974383126	409.4236261844635	1
sub-0001	0.05	1.9	0.005	30000.0	1000	29718012	91	0.022773165080411537	0.2036414942219833	0.6086306445154099	0.018792335808811518	409.0215983390808	1
sub-0001	0.05	1.93	0.005	30000.0	1000	29718013	92	0.027475336181844365	0.13578339156140828	0.6028195077871686	0.014090164707378689	409.6544952392578	1
sub-0001	0.05	1.87	0.005	30000.0	1000	29718011	90	0.012916343928381075	0.3327062617575921	0.5837119766541974	0.028649156960841977	412.5550813674927	1
sub-0001	0.05	1.96	0.005	30000.0	1000	29718014	93	0.02547094901233178	0.19880408492340762	0.6474057330591911	0.016094551876891273	410.4046096801758	1
sub-0001	0.05	2.05	0.005	30000.0	1000	29715308	96	0.035451207029411035	0.05462241332975004	0.5483204826387799	0.00611429385981202	411.6342601776123	1
sub-0001	0.05	2.02	0.005	30000.0	1000	29718016	95	0.03092737600918807	0.10051061542596085	0.6371968932039532	0.010638124880034985	410.45910477638245	1
sub-0001	0.05	1.99	0.005	30000.0	1000	29718015	94	nan	0.097621607094867	nan	nan	412.15329575538635	1
sub-0001	0.04	1.8	0.005	30000.0	1000	29717562	60	0.00282182969487829	0.38289438323031444	0.29983814865399017	0.03874367119434476	406.3007607460022	1
sub-0001	0.04	1.83	0.005	30000.0	1000	29717563	61	0.003038335836105808	0.37725073904864287	0.3081908740654669	0.03852716505311725	406.56915521621704	1
sub-0001	0.04	1.77	0.005	30000.0	1000	29717561	59	0.0013549549455284626	0.38376780435366836	0.23038595442959273	0.040210545943694595	409.50700211524963	1
sub-0001	0.035	1.79	0.005	30000.0	1000	29717548	46	0.0004137570158491175	0.39156140822359586	0.19629920464041312	0.04115174387337394	407.1448094844818	1
sub-0001	0.04	1.86	0.005	30000.0	1000	29717564	62	0.005276449370235231	0.37476484815909705	0.31836388987153635	0.03628905151898782	407.1325857639313	1
sub-0001	0.035	1.82	0.005	30000.0	1000	29717549	47	0.0005040923443580531	0.38974737973662993	0.2503040490914632	0.041061408544865	408.31449604034424	1
sub-0001	0.04	1.68	0.005	30000.0	1000	29717558	56	0.000600381837089095	0.38457403923676436	0.16792009103011593	0.04096511905213396	406.8029263019562	1
sub-0001	0.035	1.88	0.005	30000.0	1000	29717551	49	0.0017171912711400064	0.389008331093792	0.27203567682323615	0.03984830961808305	408.21077275276184	1
sub-0001	0.035	2.0	0.005	30000.0	1000	29717555	53	0.015755410053734785	0.3016662187583983	0.7135467905175412	0.02581009083548827	407.7547070980072	1
sub-0001	0.035	1.91	0.005	30000.0	1000	29717552	50	0.00151283704184872	0.3838349905939264	0.26276441790454874	0.04005266384737433	408.10025787353516	1
sub-0001	0.04	1.65	0.005	30000.0	1000	29717557	55	0.00043353336517525554	0.38685837140553614	0.18186549625543533	0.0411319675240478	407.6484580039978	1
sub-0001	0.035	1.85	0.005	30000.0	1000	29717550	48	0.0009152514223995531	0.3880005374899221	0.24502024523282073	0.0406502494668235	410.85734844207764	1
sub-0001	0.035	1.97	0.005	30000.0	1000	29717554	52	0.006353577873278501	0.3785944638538028	0.3848753885678712	0.03521192301594456	408.51067566871643	1
sub-0001	0.04	1.92	0.005	30000.0	1000	29717566	64	0.012926591424758903	0.32000806234883095	0.5764714718814568	0.028638909464464152	407.0634534358978	1
sub-0001	0.035	1.94	0.005	30000.0	1000	29717553	51	0.0028975989200023386	0.3845068529965064	0.2850692045604356	0.038667901969220715	409.30675888061523	1
sub-0001	0.04	1.89	0.005	30000.0	1000	29717565	63	0.008896740082949196	0.33794678849771564	0.48201337554857143	0.03266876080627386	410.54422903060913	1
sub-0001	0.035	2.03	0.005	30000.0	1000	29717556	54	0.03268422906145579	0.20236495565708146	0.7340051746952839	0.008881271827767268	413.79554629325867	1
sub-0001	0.04	1.71	0.005	30000.0	1000	29717559	57	0.0008816563521140428	0.3839693630744424	0.2118957510066801	0.040683844537109014	413.81696915626526	1
sub-0001	0.04	1.74	0.005	30000.0	1000	29717560	58	0.0009442026400765182	0.3854474603601183	0.2157283533440167	0.04062129824914654	411.9628469944	1
sub-0001	0.04	1.98	0.005	30000.0	1000	29717656	66	0.04410621101234727	0.02895726955119593	0.6783884096296974	0.002540710123124214	411.0446653366089	1
sub-0001	0.04	2.04	0.005	30000.0	1000	29717658	68	0.04601973301487605	0.04541789841440469	0.7110641622277614	0.004454232125652997	407.8756196498871	1
sub-0001	0.04	1.95	0.005	30000.0	1000	29717655	65	0.022079244042012544	0.22655200214995974	0.5991780218202666	0.01948625684721051	408.06737995147705	1
sub-0001	0.04	2.01	0.005	30000.0	1000	29717657	67	0.05329451986703491	0.12879602257457667	0.7286243080608398	0.011729018977811853	408.8851797580719	1
sub-0001	0.045	1.72	0.005	30000.0	1000	29717772	71	0.0024652920793553296	0.3785944638538028	0.3003033520131356	0.039100208809867726	406.90774941444397	1
sub-0001	0.045	1.75	0.005	30000.0	1000	29717773	72	0.0025673456838057117	0.37953507121741464	0.3338810848980237	0.03899815520541734	406.8963325023651	1
sub-0001	0.045	1.69	0.005	30000.0	1000	29717771	70	0.0014902570041227772	0.38249126578876647	0.2674490592055338	0.040075243885100274	408.3585307598114	1
sub-0001	0.045	1.78	0.005	30000.0	1000	29717774	73	0.0035542528292001547	0.375033593120129	0.368548238628175	0.0380112480600229	406.2641324996948	1
sub-0001	0.045	1.84	0.005	30000.0	1000	29717776	75	0.0069497384919144055	0.36428379467884975	0.5393240344804132	0.03461576239730865	407.0389494895935	1
sub-0001	0.045	1.81	0.005	30000.0	1000	29717775	74	0.005169375235991447	0.3714727223864553	0.3869263864251856	0.03639612565323161	407.01212334632874	1
sub-0001	0.045	1.66	0.005	30000.0	1000	29717770	69	0.0011081674429111107	0.3826256382692825	0.24296221494488962	0.040457333446311944	408.47807264328003	1
sub-0001	0.045	1.87	0.005	30000.0	1000	29717777	76	0.015906619037590414	0.291655468959957	0.5062584554611359	0.02565888185163264	408.11824321746826	1
sub-0001	0.045	1.93	0.005	30000.0	1000	29717934	78	0.031349298347253016	0.10561676968556843	0.6634641189358509	0.010216202541970039	406.56688499450684	1
sub-0001	0.045	1.9	0.005	30000.0	1000	29717933	77	0.012284433867932144	0.33861865090029564	0.6217403200122559	0.02928106702129091	407.69680404663086	1
sub-0001	0.05	1.67	0.005	30000.0	1000	29717996	83	0.0016623647934940811	0.3786616500940607	0.33219986604019575	0.03990313609572897	406.6595938205719	1
sub-0001	0.045	1.96	0.005	30000.0	1000	29717992	79	0.03246888195196549	0.09909970438054283	0.7064436540968285	0.009096618937257564	408.79775381088257	1
sub-0001	0.045	2.05	0.005	30000.0	1000	29717995	82	0.04924697290318841	0.07961569470572427	0.6384775735181303	0.007681472013965358	411.55895805358887	1
sub-0001	0.045	2.02	0.005	30000.0	1000	29717994	81	0.04891549888003895	0.084318731523784	0.6810824955560549	0.0073499979908158986	408.6695942878723	1
sub-0001	0.05	1.73	0.005	30000.0	1000	29717998	85	0.002864729013381606	0.375436710561677	0.36923031496726577	0.03870077187584145	408.9077682495117	1
sub-0001	0.05	1.7	0.005	30000.0	1000	29717997	84	0.0025940892147839315	0.37637731792528895	0.307300417338324	0.03897141167443912	409.5749216079712	1
sub-0001	0.045	1.99	0.005	30000.0	1000	29717993	80	0.03937593066565423	0.04911314162859448	0.7047643897891155	0.002189570223568825	410.7936625480652	1
sub-0001	0.05	1.82	0.005	30000.0	1000	29718009	88	0.006953639007826608	0.3674415479709756	0.4835683294503378	0.03461186188139645	408.00303053855896	1
sub-0001	0.05	1.76	0.005	30000.0	1000	29718007	86	0.0045727727028728625	0.374697661918839	0.4770755581339689	0.036992728186350195	411.0525825023651	1
sub-0001	0.05	1.79	0.005	30000.0	1000	29718008	87	0.006216889986980076	0.3699274388605214	0.42441341811972966	0.03534861090224298	410.83815574645996	1
sub-0001	0.05	1.85	0.005	30000.0	1000	29718010	89	0.01225217317178608	0.3341171728030099	0.5616195698261934	0.029313327717436975	411.1452958583832	1
sub-0001	0.035	1.76	0.005	30000.0	1000	29717547	45	0.0002421941251881554	0.3918973394248858	0.15525512055481422	0.0413233067640349	510.75687313079834	1
sub-0001	0.05	1.91	0.005	30000.0	1000	29718012	91	0.02426484812786224	0.19746036011824775	0.6283390052173461	0.017300652761360814	410.765611410141	1
sub-0001	0.05	1.94	0.005	30000.0	1000	29718013	92	0.024525703611856933	0.17770760548239717	0.6083980317380506	0.017039797277366122	411.050039768219	1
sub-0001	0.05	1.97	0.005	30000.0	1000	29718014	93	0.022257079894967138	0.21418973394248864	0.6103474189389217	0.019308420994255917	411.73944759368896	1
sub-0001	0.05	1.88	0.005	30000.0	1000	29718011	90	0.014385778741233911	0.3084520290244558	0.5638695734398848	0.027179722147989145	412.5190613269806	1
sub-0001	0.05	2.0	0.005	30000.0	1000	29718015	94	0.02460036292732312	0.1782450954044612	0.6221009654402693	0.016965137961899933	410.32615089416504	1
sub-0001	0.05	2.03	0.005	30000.0	1000	29718016	95	0.03500971771430662	0.11710561676968556	0.5855286675220779	0.006555783174916438	415.0529749393463	1
