sub-0002	0.02	1.68	0.005	30000.0	1000	29717147	2	9.571066288424447e-05	0.3628056973931738	0.023566343505638746	0.029701816642337182	463.1445107460022	1
sub-0002	0.02	1.74	0.005	30000.0	1000	29717149	4	8.673686907297743e-05	0.36334318731523785	0.06600677901696166	0.029710790436148448	464.42607259750366	1
sub-0002	0.02	1.65	0.005	30000.0	1000	29717146	1	8.928656700296639e-05	0.362066648750336	0.14193573365401543	0.02970824073821846	465.07555198669434	1
sub-0002	0.02	1.71	0.005	30000.0	1000	29717148	3	8.58853185109106e-05	0.36213383499059393	0.2131438044242813	0.029711641986710516	464.052613735199	1
sub-0002	0.02	1.77	0.005	30000.0	1000	29717374	5	8.317299453785516e-05	0.3636791185165278	0.031177572755620466	0.02971435431068357	402.3066916465759	1
sub-0002	0.02	1.8	0.005	30000.0	1000	29717375	6	8.88747057124166e-05	0.3651572158022037	0.06768301549915161	0.029708652599509007	402.7278742790222	1
sub-0002	0.02	1.98	0.005	30000.0	1000	29717726	12	0.00664183228940296	0.2800322493953238	0.25309242047897473	0.023155695015818465	253.13706374168396	1
sub-0002	0.02	2.01	0.005	30000.0	1000	29717727	13	0.004542312062063287	0.3191346412254771	0.2883850633892875	0.025255215243158137	253.13781762123108	1
sub-0002	0.02	1.83	0.005	30000.0	1000	29717721	7	8.710609065415377e-05	0.3655603332437517	0.08793755137421698	0.02971042121456727	392.4559178352356	1
sub-0002	0.02	1.86	0.005	30000.0	1000	29717722	8	8.353709221990501e-05	0.36663531308787967	0.4147520115031441	0.029713990213001522	392.4559967517853	1
sub-0002	0.02	1.95	0.005	30000.0	1000	29717725	11	0.007372416272162253	0.2682074711099167	0.4045361830627704	0.02242511103305917	397.0579209327698	1
sub-0002	0.02	1.92	0.005	30000.0	1000	29717724	10	0.006427590146936094	0.27553077129803816	0.36685392072470263	0.02336993715828533	397.0581591129303	1
sub-0002	0.02	1.89	0.005	30000.0	1000	29717723	9	0.00016514282730943698	0.3693227626981994	0.7788126261747089	0.02963238447791199	397.0585949420929	1
sub-0002	0.02	1.66	0.005	30000.0	1000	29717146	1	9.005598092677762e-05	0.3620666487503359	0.07198340854751599	0.02970747132429465	461.59482765197754	1
sub-0002	0.02	1.69	0.005	30000.0	1000	29717147	2	9.83076710229766e-05	0.36220102123085196	0.14214402582460828	0.02969921963419845	462.26571440696716	1
sub-0002	0.02	1.72	0.005	30000.0	1000	29717148	3	7.55289712757059e-05	0.36361193227626987	0.029457437887135732	0.029721998333945718	462.7398180961609	1
sub-0002	0.02	1.75	0.005	30000.0	1000	29717149	4	8.703198121241542e-05	0.3632088148347219	0.0400110867444893	0.02971049532400901	463.01148676872253	1
sub-0002	0.02	1.99	0.005	30000.0	1000	29717726	12	0.005002424246486621	0.3082504703036818	0.3484726493223279	0.024795103058734804	251.1053729057312	1
sub-0002	0.02	2.02	0.005	30000.0	1000	29717727	13	0.004334459153302041	0.3170518677774792	0.2784386607971192	0.025463068151919385	251.36139750480652	1
sub-0002	0.02	1.81	0.005	30000.0	1000	29717375	6	8.708693123456251e-05	0.3665009406073637	0.255583367512066	0.029710440373986863	399.50756764411926	1
sub-0002	0.02	1.78	0.005	30000.0	1000	29717374	5	8.629198492113874e-05	0.36475409836065564	0.05938131232315871	0.029711235320300285	400.6347942352295	1
sub-0002	0.025	1.84	0.005	30000.0	1000	29718024	21	9.887019791962873e-05	0.3638806772373019	0.056212557433670415	0.029698657107301796	402.78459572792053	1
sub-0002	0.025	1.81	0.005	30000.0	1000	29718023	20	8.592423909190833e-05	0.36401504971781784	0.14720351428129422	0.029711603066129518	409.75084018707275	1
sub-0002	0.025	1.9	0.005	30000.0	1000	29718026	23	0.0001040147460114747	0.36965869389948947	0.3288345964928107	0.02969351255920995	408.9742741584778	1
sub-0002	0.025	1.72	0.005	30000.0	1000	29718020	17	7.253130806065183e-05	0.36240257995162584	0.09881044696791177	0.029724995997160775	412.0472958087921	1
sub-0002	0.025	1.78	0.005	30000.0	1000	29718022	19	8.230638441415359e-05	0.36287288363343195	0.10666861012215335	0.02971522092080727	413.353679895401	1
sub-0002	0.025	1.87	0.005	30000.0	1000	29718025	22	0.00011171124040270599	0.36824778285407145	0.5505909228253111	0.02968581606481872	407.9313292503357	1
sub-0002	0.025	1.75	0.005	30000.0	1000	29718021	18	6.896998227537293e-05	0.3629400698736899	0.10176607460885415	0.02972855732294605	414.7745749950409	1
sub-0002	0.025	1.69	0.005	30000.0	1000	29718019	16	7.593781707042494e-05	0.36213383499059393	0.08786165136346491	0.029721589488151002	415.4497299194336	1
sub-0002	0.025	1.66	0.005	30000.0	1000	29718018	15	7.154106333854299e-05	0.3627385111529159	0.08150469501391629	0.02972598624188288	409.7912697792053	1
sub-0002	0.02	2.04	0.005	30000.0	1000	29718017	14	0.002956173606303157	0.3304219295888202	0.2610772110738119	0.02684135369891827	407.93644642829895	1
sub-0002	0.025	1.93	0.005	30000.0	1000	29718375	24	0.00010064046008666847	0.3708680462241334	0.7973026764288392	0.029696886845134756	407.9737033843994	1
sub-0002	0.025	1.99	0.005	30000.0	1000	29718377	26	0.012306372847442931	0.20935232464391296	0.4176150351552043	0.017491154457778494	406.9446680545807	1
sub-0002	0.025	1.96	0.005	30000.0	1000	29718376	25	0.007818593699887156	0.24758129535071216	0.8158972383393617	0.021978933605334268	408.8500945568085	1
sub-0002	0.02	2.0	0.005	30000.0	1000	29717726	12	0.005789134060992724	0.2897742542327332	0.31751650329765113	0.024008393244228703	246.92671966552734	1
sub-0002	0.02	2.03	0.005	30000.0	1000	29717727	13	0.0034625783155180154	0.3249798441279226	0.30533036035527733	0.02633494898970341	251.71600580215454	1
sub-0002	0.035	1.95	0.005	30000.0	1000	29718415	52	0.007427966373207397	0.2581967213114754	0.6399107000966013	0.02236956093201403	409.0273849964142	1
sub-0002	0.035	1.92	0.005	30000.0	1000	29718414	51	0.005358098271680852	0.29340231120666493	0.49761865067432315	0.02443942903354057	409.0857503414154	1
sub-0002	0.04	1.87	0.005	30000.0	1000	29718426	63	0.008815113034370194	0.2432141897339425	0.6190642658502671	0.02098241427085123	409.59864234924316	1
sub-0002	0.035	1.77	0.005	30000.0	1000	29718409	46	0.0007025840143513092	0.35548239720505237	0.16543503451065392	0.029094943290870118	409.5857298374176	1
sub-0002	0.035	1.89	0.005	30000.0	1000	29718413	50	0.0027472599953534136	0.32813759742004833	0.336378422096918	0.027050267309868013	409.23410153388977	1
sub-0002	0.03	1.82	0.005	30000.0	1000	29718397	34	0.00027632071122894356	0.35917764041924216	0.17607721445135383	0.02952120659399248	407.55587577819824	1
sub-0002	0.03	1.88	0.005	30000.0	1000	29718399	36	0.0001821261933350522	0.3595135716205322	0.18749017966461273	0.029615401111886375	409.47806882858276	1
sub-0002	0.035	1.74	0.005	30000.0	1000	29718408	45	0.00031981171779389066	0.3578339156140823	0.16700619288262025	0.029477715587427535	410.5834610462189	1
sub-0002	0.035	1.71	0.005	30000.0	1000	29718407	44	0.0002758308246097293	0.3580354743348563	0.11240318964193222	0.029521696480611696	410.29106402397156	1
sub-0002	0.04	1.9	0.005	30000.0	1000	29718427	64	0.018185426967295946	0.1323568933082504	0.684282210043713	0.01161210033792548	409.78777861595154	1
sub-0002	0.03	1.73	0.005	30000.0	1000	29718394	31	9.075932705114866e-05	0.36052136522440204	0.10133931376526682	0.029706767978170276	407.80856442451477	1
sub-0002	0.04	1.75	0.005	30000.0	1000	29718422	59	0.0014014533514357629	0.347352862133835	0.3563337693471451	0.028396073953785662	408.29582142829895	1
sub-0002	0.04	1.78	0.005	30000.0	1000	29718423	60	0.001547246463898516	0.34123891427035746	0.33563109513730377	0.02825028084132291	408.29580664634705	1
sub-0002	0.025	2.05	0.005	30000.0	1000	29718391	28	0.005866932318027454	0.29582101585595266	0.32569335862484533	0.023930594987193972	410.5034701824188	1
sub-0002	0.035	2.04	0.005	30000.0	1000	29718418	55	0.01671939447351605	0.13753023380811613	0.7867503074811477	0.013078132831705374	410.93200159072876	1
sub-0002	0.03	1.7	0.005	30000.0	1000	29718393	30	9.712796624666778e-05	0.3610588551464661	0.09133032419579484	0.029700399338974757	410.0014982223511	1
sub-0002	0.03	1.67	0.005	30000.0	1000	29718392	29	9.726994624313191e-05	0.361999462510078	0.08049425683034978	0.029700257358978292	410.0260772705078	1
sub-0002	0.03	1.79	0.005	30000.0	1000	29718396	33	0.00013973128596468014	0.3604541789841441	0.11510825826440226	0.029657796019256746	408.8038146495819	1
sub-0002	0.03	1.76	0.005	30000.0	1000	29718395	32	0.00014281138322468857	0.3608572964256921	0.11082287597798408	0.029654715921996738	409.18631625175476	1
sub-0002	0.035	1.98	0.005	30000.0	1000	29718416	53	0.015615158140586925	0.18247782854071493	0.79873326541608	0.0141823691646345	411.60185384750366	1
sub-0002	0.035	2.01	0.005	30000.0	1000	29718417	54	0.023608931229650076	0.09029830690674545	0.8283909863348263	0.006188596075571349	411.5747666358948	1
sub-0002	0.03	1.85	0.005	30000.0	1000	29718398	35	0.0001397440039417853	0.3618650900295619	0.18509327219843932	0.02965778330127964	407.5336148738861	1
sub-0002	0.04	1.66	0.005	30000.0	1000	29718419	56	0.0008581133116716909	0.3539371136791185	0.22058616463665554	0.028939413993549733	408.6151180267334	1
sub-0002	0.025	2.02	0.005	30000.0	1000	29718390	27	0.007481122360364768	0.2558452029024456	0.45667468696075775	0.022316404944856656	410.78458619117737	1
sub-0002	0.04	1.69	0.005	30000.0	1000	29718420	57	0.0006504002280790311	0.3524590163934427	0.18482335236350717	0.029147127077142395	410.6010830402374	1
sub-0002	0.035	1.68	0.005	30000.0	1000	29718406	43	0.00020110387758850222	0.35776672937382425	0.12606791076855756	0.029596423427632922	408.1367061138153	1
sub-0002	0.04	1.72	0.005	30000.0	1000	29718421	58	0.0009481034898315573	0.3510481053480248	0.26338467280217426	0.02884942381538987	411.22352719306946	1
sub-0002	0.04	1.81	0.005	30000.0	1000	29718424	61	0.0029723579934606056	0.3266595001343724	0.4152189611268209	0.02682516931176082	411.55368757247925	1
sub-0002	0.035	1.8	0.005	30000.0	1000	29718410	47	0.0008334233629823275	0.3539371136791185	0.18716933432411473	0.028964103942239097	411.8483486175537	1
sub-0002	0.035	1.86	0.005	30000.0	1000	29718412	49	0.0013193967499064948	0.3499731255038968	0.19617736182323853	0.02847813055531493	412.5564475059509	1
sub-0002	0.035	1.83	0.005	30000.0	1000	29718411	48	0.0007815175449029685	0.35219027143241066	0.20642085342215072	0.029016009760318456	412.9695954322815	1
sub-0002	0.04	1.84	0.005	30000.0	1000	29718425	62	0.003608227228708443	0.31859715130341304	0.5001417905120193	0.026189300076512982	411.63932609558105	1
sub-0002	0.03	1.91	0.005	30000.0	1000	29718400	37	0.00016707642008501088	0.36105885514646596	0.20763640393392843	0.029630450885136415	412.8939576148987	1
sub-0002	0.03	1.97	0.005	30000.0	1000	29718402	39	0.0005455885986678762	0.36092448266595	0.38416285708222353	0.02925193870655355	413.1380488872528	1
sub-0002	0.035	1.65	0.005	30000.0	1000	29718405	42	0.00020062003543512392	0.3571620532115023	0.10085758282822954	0.0295969072697863	413.2501618862152	1
sub-0002	0.03	2.0	0.005	30000.0	1000	29718403	40	0.0016860790560780665	0.34238108035474335	0.8242188556406879	0.02811144824914336	415.0538229942322	1
sub-0002	0.03	2.03	0.005	30000.0	1000	29718404	41	0.012515417124536668	0.21217414673474877	0.4743910064522668	0.017282110180684755	415.2622079849243	1
sub-0002	0.03	1.94	0.005	30000.0	1000	29718401	38	0.00034207834479714884	0.36005106154259614	0.22081272558532783	0.029455448960424277	417.04054141044617	1
sub-0002	0.02	1.84	0.005	30000.0	1000	29717721	7	9.101250881239027e-05	0.3711367911851653	0.7503004327497116	0.029706514796409036	397.5949709415436	1
sub-0002	0.02	1.87	0.005	30000.0	1000	29717722	8	0.0001687027980071534	0.3671728030099436	0.7440149372087265	0.029628824507214272	397.7761616706848	1
sub-0002	0.02	1.93	0.005	30000.0	1000	29717724	10	0.00855997425223219	0.24973125503896798	0.3600289756908169	0.021237553052989237	394.89506673812866	1
sub-0002	0.02	1.96	0.005	30000.0	1000	29717725	11	0.0049624733375493585	0.3084520290244558	0.2809225310074767	0.024835053967672067	394.93484234809875	1
sub-0002	0.02	1.9	0.005	30000.0	1000	29717723	9	0.0001695376564498204	0.3693227626981994	0.7408564137879934	0.029627989648771606	394.3886227607727	1
sub-0002	0.04	1.96	0.005	30000.0	1000	29718461	66	0.035266650648369986	0.06611126041386728	0.8121965355945662	0.005469123343148561	408.42192673683167	1
sub-0002	0.04	1.99	0.005	30000.0	1000	29718462	67	0.0618784109951773	0.21123353937113687	0.7363736096565715	0.032080883689955875	405.0090117454529	1
sub-0002	0.04	1.93	0.005	30000.0	1000	29718460	65	0.03413852360830608	0.025732330018812255	0.7591239462331805	0.004340996303084658	408.7867794036865	1
sub-0002	0.045	1.7	0.005	30000.0	1000	29718466	71	0.003783627400668241	0.3218220908357968	0.27938031519951223	0.026013899904553182	406.8754560947418	1
sub-0002	0.045	1.73	0.005	30000.0	1000	29718467	72	0.0038483769132141377	0.318328406342381	0.3600427867235208	0.02594915039200729	407.7265236377716	1
sub-0002	0.04	2.05	0.005	30000.0	1000	29718464	69	0.02253938663173945	0.09533727492609523	0.6429408871720573	0.007258140673481975	409.39139008522034	1
sub-0002	0.045	1.67	0.005	30000.0	1000	29718465	70	0.0013717253591717686	0.34815909701693093	0.2500879602082849	0.028425801946049656	410.268593788147	1
sub-0002	0.04	2.02	0.005	30000.0	1000	29718463	68	nan	0.37288363343187314	nan	nan	421.1976501941681	1
sub-0002	0.045	1.76	0.005	30000.0	1000	29718480	73	0.0046558966244046665	0.3077129803816179	0.428440369517112	0.02514163068081676	408.0570001602173	1
sub-0002	0.045	1.79	0.005	30000.0	1000	29718481	74	0.0072777697474967346	0.2727761354474604	0.4275555851705615	0.02251975755772469	408.45342659950256	1
sub-0002	0.045	1.82	0.005	30000.0	1000	29718482	75	0.013217085061001096	0.19228701961838224	0.5284416167797473	0.01658044224422033	406.1001031398773	1
sub-0002	0.05	1.65	0.005	30000.0	1000	29718490	83	0.0018904503187116223	0.34540446116635315	0.3387607207155266	0.027907076986509804	410.8237464427948	1
sub-0002	0.05	1.74	0.005	30000.0	1000	29718493	86	0.004269928353290083	0.3113410373555495	0.4755338923626736	0.02552759895193134	406.77223467826843	1
sub-0002	0.05	1.83	0.005	30000.0	1000	29718496	89	0.014647562576355647	0.17851384036549311	0.633572024128158	0.015149964728865779	407.7956597805023	1
sub-0002	0.05	1.89	0.005	30000.0	1000	29718498	91	0.02006918715021796	0.10427304488040856	0.6786802441145964	0.009728340155003467	407.946506023407	1
sub-0002	0.05	1.86	0.005	30000.0	1000	29718497	90	0.019640724730521263	0.1302741198602526	0.6217914243980572	0.010156802574700162	408.69090461730957	1
sub-0002	0.045	1.94	0.005	30000.0	1000	29718486	79	0.03290245941061792	0.0745767266863746	0.7286236901363217	0.0031049321053964914	411.19233083724976	1
sub-0002	0.05	1.68	0.005	30000.0	1000	29718491	84	0.0028248976895974554	0.3245767266863746	0.3293486162720439	0.02697262961562397	411.2091279029846	1
sub-0002	0.05	1.71	0.005	30000.0	1000	29718492	85	0.004306653745841169	0.3182612201021231	0.33239354004047644	0.025490873559380255	411.82693362236023	1
sub-0002	0.02	1.67	0.005	30000.0	1000	29717146	1	9.002542424163559e-05	0.36199946251007786	0.09788411217393435	0.02970750188097979	463.2237319946289	1
sub-0002	0.02	1.7	0.005	30000.0	1000	29717147	2	9.103331549312148e-05	0.36220102123085196	0.13889227941602184	0.029706493989728303	463.2236328125	1
sub-0002	0.02	1.73	0.005	30000.0	1000	29717148	3	8.561783316814283e-05	0.3622682074711099	0.06373938930226639	0.029711909472053284	463.2761981487274	1
sub-0002	0.045	2.03	0.005	30000.0	1000	29718489	82	0.025960821399073127	0.044410104810534756	0.6504518172662979	0.003836705906148298	416.2730393409729	1
sub-0002	0.02	1.76	0.005	30000.0	1000	29717149	4	8.360883236781205e-05	0.3629400698736899	0.07149945442805193	0.029713918472853613	464.3553078174591	1
sub-0002	0.045	1.97	0.005	30000.0	1000	29718487	80	0.044776586321358974	0.1439801128728837	0.7444492650796778	0.014979059016137549	417.858026266098	1
sub-0002	0.045	1.85	0.005	30000.0	1000	29718483	76	0.015035861107258651	0.14129266326256373	0.6613585882153626	0.014761666197962774	419.57734203338623	1
sub-0002	0.045	1.91	0.005	30000.0	1000	29718485	78	0.02142859424352807	0.09728567589357706	0.7670541511857853	0.008368933061693354	419.80785179138184	1
sub-0002	0.045	1.88	0.005	30000.0	1000	29718484	77	0.019038176138635867	0.12570545552270895	0.7128906546397725	0.010759351166585558	419.3334197998047	1
sub-0002	0.05	1.8	0.005	30000.0	1000	29718495	88	0.007500515163768944	0.2696183821553346	0.5268527470638293	0.02229701214145248	420.46803522109985	1
sub-0002	0.045	2.0	0.005	30000.0	1000	29718488	81	0.03063911593078767	0.054084923407686114	0.707098846369301	0.0008415886255662454	422.33499336242676	1
sub-0002	0.05	1.77	0.005	30000.0	1000	29718494	87	0.008151769234907532	0.2598091910776673	0.49042987056357074	0.021645758070313895	427.80598616600037	1
sub-0002	0.05	1.92	0.005	30000.0	1000	29718555	92	0.030411885031778926	0.08357968288094597	0.6555246359947126	0.0006143577265575011	407.7076277732849	1
sub-0002	0.05	2.01	0.005	30000.0	1000	29718558	95	0.023314666103863596	0.08599838753023381	0.5873415141909396	0.006482861201357829	408.65405893325806	1
sub-0002	0.05	2.04	0.005	30000.0	1000	29715550	96	0.016630589799097897	0.11912120397742543	0.5928885712373162	0.013166937506123529	408.869726896286	1
sub-0002	0.05	1.98	0.005	30000.0	1000	29718557	94	0.02744004645365888	0.019887127116366643	0.6491393215166281	0.0023574808515625448	409.63195753097534	1
sub-0002	0.05	1.95	0.005	30000.0	1000	29718556	93	nan	0.49966406879871006	nan	nan	438.38947892189026	1
sub-0002	0.02	1.82	0.005	30000.0	1000	29717375	6	0.00011780818030771279	0.3646197258801398	0.09026399250864464	0.02967971912491371	399.39447236061096	1
sub-0002	0.02	1.79	0.005	30000.0	1000	29717374	5	8.607371057894616e-05	0.3655603332437517	0.12612606039120752	0.02971145359464248	400.30683732032776	1
sub-0002	0.025	1.85	0.005	30000.0	1000	29718024	21	7.255735697060679e-05	0.3640822359580759	0.06099790346197676	0.02972496994825082	402.7228808403015	1
sub-0002	0.025	1.91	0.005	30000.0	1000	29718026	23	6.555022273105577e-05	0.3660306369255577	0.1536006089644034	0.02973197708249037	408.73142409324646	1
sub-0002	0.025	1.82	0.005	30000.0	1000	29718023	20	6.974672474535976e-05	0.3636791185165279	0.0554592178970291	0.029727780580476065	409.72971630096436	1
sub-0002	0.025	1.88	0.005	30000.0	1000	29718025	22	8.232851148384028e-05	0.36569470572426777	0.1281419359828691	0.029715198793737584	407.1517450809479	1
sub-0002	0.025	1.73	0.005	30000.0	1000	29718020	17	6.453297069541028e-05	0.36267132491265797	0.08193806286352111	0.029732994334526017	412.2981252670288	1
sub-0002	0.025	1.76	0.005	30000.0	1000	29718021	18	7.394330286232373e-05	0.3632760010749799	0.08104256999073484	0.0297235840023591	411.6775555610657	1
sub-0002	0.025	1.79	0.005	30000.0	1000	29718022	19	6.44983855807239e-05	0.3627385111529159	0.13101973448112797	0.029733028919640702	410.01542234420776	1
sub-0002	0.025	1.7	0.005	30000.0	1000	29718019	16	7.362682821825746e-05	0.362066648750336	0.09752243340002943	0.029723900477003167	416.1529588699341	1
sub-0002	0.025	1.67	0.005	30000.0	1000	29718018	15	7.323185437411241e-05	0.3623353937113679	0.08519864433884936	0.029724295450847312	408.9790589809418	1
sub-0002	0.02	2.05	0.005	30000.0	1000	29718017	14	0.0026235283769151033	0.32565170653050257	0.2458698408811846	0.027173998928306322	410.49963116645813	1
sub-0002	0.025	1.94	0.005	30000.0	1000	29718375	24	0.005281323202300361	0.26854340231120666	0.8021317794345509	0.024516204102921064	407.753449678421	1
sub-0002	0.025	1.97	0.005	30000.0	1000	29718376	25	0.014760378531927727	0.1731389411448535	0.4092952898013013	0.015037148773293698	408.32099890708923	1
sub-0002	0.025	2.0	0.005	30000.0	1000	29718377	26	0.0068231321092045655	0.2819134641225478	0.44664601481569144	0.02297439519601686	406.048583984375	1
sub-0002	0.04	1.88	0.005	30000.0	1000	29718426	63	0.007293177644747991	0.2527546358505778	0.624705701649351	0.022504349660473433	401.91786646842957	1
sub-0002	0.035	1.78	0.005	30000.0	1000	29718409	46	0.0006542007568516529	0.35682612201021235	0.19779372465051412	0.029143326548369774	406.2059509754181	1
sub-0002	0.035	1.75	0.005	30000.0	1000	29718408	45	0.00030126655655864673	0.3583042192958883	0.16321576372060262	0.029496260748662777	409.26550030708313	1
sub-0002	0.04	1.67	0.005	30000.0	1000	29718419	56	0.0006959465402461139	0.3555495834453104	0.20713267930765233	0.02910158076497531	406.1599225997925	1
sub-0002	0.035	1.9	0.005	30000.0	1000	29718413	50	0.0020727153252741654	0.34453104004299917	0.31210248550566927	0.02772481197994726	410.7184348106384	1
sub-0002	0.04	1.79	0.005	30000.0	1000	29718423	60	0.002227637414553712	0.3410373555495835	0.3911930150871019	0.027569889890667713	407.0338065624237	1
sub-0002	0.03	1.89	0.005	30000.0	1000	29718399	36	0.0003787694656918071	0.36079011018543405	0.22499669102240916	0.02941875783952962	407.80732345581055	1
sub-0002	0.035	1.93	0.005	30000.0	1000	29718414	51	0.006082637308026544	0.28298844396667566	0.5089134209673146	0.02371488999719488	411.3252670764923	1
sub-0002	0.03	1.77	0.005	30000.0	1000	29718395	32	0.0001620247651907275	0.35964794410104817	0.11537929581906689	0.0296355025400307	407.86665296554565	1
sub-0002	0.04	1.76	0.005	30000.0	1000	29718422	59	0.001770672633377706	0.3447997850040312	0.2735960274178326	0.02802685467184372	408.11338686943054	1
sub-0002	0.04	1.91	0.005	30000.0	1000	29718427	64	0.017306351830155407	0.13920988981456606	0.683532066191082	0.012491175475066018	409.7136836051941	1
sub-0002	0.03	1.83	0.005	30000.0	1000	29718397	34	0.00019228278340379577	0.36099166890620804	0.17305647883522143	0.02960524452181763	408.1760504245758	1
sub-0002	0.03	1.74	0.005	30000.0	1000	29718394	31	0.00010614860692546231	0.3601182477828542	0.10644639884745909	0.029691378698295964	408.3770592212677	1
sub-0002	0.035	1.96	0.005	30000.0	1000	29718415	52	0.008793591466123912	0.2596076323568933	0.7276667943575983	0.021003935839097515	412.17025661468506	1
sub-0002	0.03	1.8	0.005	30000.0	1000	29718396	33	0.0001407191439802193	0.36159634506853	0.159532578432119	0.029656808161241208	409.03306221961975	1
sub-0002	0.035	1.72	0.005	30000.0	1000	29718407	44	0.0001663599888542438	0.3586401504971781	0.12242602990465368	0.029631167316367182	411.9681375026703	1
sub-0002	0.04	1.7	0.005	30000.0	1000	29718420	57	0.0008761626786852197	0.3518543402311207	0.21032052280033484	0.028921364626536206	408.29790592193604	1
sub-0002	0.035	2.05	0.005	30000.0	1000	29718418	55	0.029032325272511157	0.026337006181134104	0.7342111203404525	0.0007652020327102681	410.8662760257721	1
sub-0002	0.04	1.73	0.005	30000.0	1000	29718421	58	0.0012851737333795623	0.3493012631013168	0.24923671360171137	0.028512353571841863	408.7903780937195	1
sub-0002	0.035	1.99	0.005	30000.0	1000	29718416	53	0.023097166080865487	0.1353802741198602	0.8132544840960011	0.0067003612243559385	410.9216182231903	1
sub-0002	0.02	1.91	0.005	30000.0	1000	29717723	9	0.000671870029864999	0.3579011018543402	0.8076191307310947	0.029125657275356428	394.5427393913269	1
sub-0002	0.02	1.97	0.005	30000.0	1000	29717725	11	0.006101179430477252	0.29044611663531317	0.34448560312478466	0.023696347874744172	395.20782256126404	1
sub-0002	0.02	1.85	0.005	30000.0	1000	29717721	7	0.00010131190035821067	0.3669712442891696	0.3031508087684923	0.029696215404863214	397.57878279685974	1
sub-0002	0.025	2.03	0.005	30000.0	1000	29718390	27	0.008515199600156006	0.2622950819672131	0.3275406867389771	0.02128232770506542	409.3582935333252	1
sub-0002	0.03	1.68	0.005	30000.0	1000	29718392	29	0.00011720093276968663	0.36099166890620804	0.07858975620923421	0.02968032637245174	409.64668822288513	1
sub-0002	0.03	1.86	0.005	30000.0	1000	29718398	35	0.00013323548022475495	0.36031980650362805	0.16579627118089152	0.02966429182499667	409.86167788505554	1
sub-0002	0.035	2.02	0.005	30000.0	1000	29718417	54	0.027217827353373397	0.05784735286213383	0.8103067860049455	0.0025796999518480287	413.0897591114044	1
sub-0002	0.02	1.88	0.005	30000.0	1000	29717722	8	0.0001726955125242873	0.3691212039774254	0.7378058091456765	0.029624831792697138	398.82782006263733	1
sub-0002	0.03	1.71	0.005	30000.0	1000	29718393	30	0.00010460754934565718	0.36166353130878803	0.09458713859469407	0.029692919755875766	410.75427055358887	1
sub-0002	0.03	1.65	0.005	30000.0	1000	29718391	28	9.785548638253488e-05	0.36126041386724006	0.07942797175345541	0.02969967181883889	410.9758155345917	1
sub-0002	0.02	1.94	0.005	30000.0	1000	29717724	10	0.0063267148045338	0.291655468959957	0.34758108741009286	0.023470812500687624	397.3997185230255	1
sub-0002	0.035	1.69	0.005	30000.0	1000	29718406	43	0.00023030477938129293	0.35870733673743627	0.14037518076005426	0.029567222525840132	408.6958622932434	1
sub-0002	0.04	1.85	0.005	30000.0	1000	29718425	62	0.0050359897677853096	0.292125772641763	0.4926706254547176	0.024761537537436117	411.6562626361847	1
sub-0002	0.04	1.82	0.005	30000.0	1000	29718424	61	0.003592355679237874	0.3266595001343724	0.4008009616563534	0.026205171625983553	411.7981617450714	1
sub-0002	0.035	1.81	0.005	30000.0	1000	29718410	47	0.0007918386681330737	0.3519887127116367	0.174906709313555	0.029005688637088353	410.3174171447754	1
sub-0002	0.035	1.84	0.005	30000.0	1000	29718411	48	0.0008451872087867488	0.3541386723998925	0.25601340879079887	0.028952340096434676	410.54700684547424	1
sub-0002	0.035	1.87	0.005	30000.0	1000	29718412	49	0.0017433658810297342	0.34533727492609523	0.27873979541851274	0.02805416142419169	411.25015234947205	1
sub-0002	0.035	1.66	0.005	30000.0	1000	29718405	42	0.00018776911075459867	0.35729642569201825	0.11111911510957814	0.029609758194466828	413.9285047054291	1
sub-0002	0.03	1.98	0.005	30000.0	1000	29718402	39	0.00024744597611312777	0.3601854340231121	0.21541585657291898	0.0295500813291083	415.85369992256165	1
sub-0002	0.03	2.01	0.005	30000.0	1000	29718403	40	0.01773924318827111	0.12543671056167705	0.5144378721192113	0.012058284116950316	415.33665013313293	1
sub-0002	0.03	1.92	0.005	30000.0	1000	29718400	37	0.0003210196776037677	0.361394786347756	0.24880090788170975	0.029476507627617658	414.3462965488434	1
sub-0002	0.03	1.95	0.005	30000.0	1000	29718401	38	0.001245206965666486	0.34862940069873694	0.5076147456475855	0.02855232033955494	414.4649558067322	1
sub-0002	0.03	2.04	0.005	30000.0	1000	29718404	41	0.012146045792289159	0.18946519752754631	0.4899053062830015	0.017651481512932266	416.3017702102661	1
sub-0002	0.04	1.97	0.005	30000.0	1000	29718461	66	0.057213718073378425	0.20330556302069336	0.7926649979522523	0.027416190768157	408.8838882446289	1
sub-0002	0.04	2.0	0.005	30000.0	1000	29718462	67	0.05737499266869713	0.21116635313087884	0.7847077787400338	0.027577465363475707	405.01368832588196	1
sub-0002	0.04	1.94	0.005	30000.0	1000	29718460	65	0.02882308188475403	0.029024455791453962	0.7717343159969435	0.0009744454204673944	409.19359850883484	1
sub-0002	0.045	1.71	0.005	30000.0	1000	29718466	71	0.003755425709979765	0.3214861596345069	0.34373547419859624	0.02604210159524166	408.0795123577118	1
sub-0002	0.045	1.65	0.005	30000.0	1000	29718464	69	0.0014166731954248551	0.3503762429454448	0.27038196463602737	0.02838085410979657	407.6057872772217	1
sub-0002	0.045	1.68	0.005	30000.0	1000	29718465	70	0.0017783444356226758	0.3483606557377049	0.3244932225719884	0.02801918286959875	407.8002095222473	1
sub-0002	0.045	1.74	0.005	30000.0	1000	29718467	72	0.005149551504087633	0.30623488309594205	0.39791977716434995	0.024647975801133794	409.60008811950684	1
sub-0002	0.04	2.03	0.005	30000.0	1000	29718463	68	0.03491584839903451	0.05462241332975015	0.6065709874880271	0.005118321093813088	407.2900764942169	1
sub-0002	0.045	1.8	0.005	30000.0	1000	29718481	74	0.013092479144665334	0.18704649287825847	0.4975054791524129	0.01670504816055609	407.14532494544983	1
sub-0002	0.045	1.77	0.005	30000.0	1000	29718480	73	0.006032201633984388	0.28104004299919383	0.3756006783108665	0.02376532567123704	408.20597290992737	1
sub-0002	0.05	1.66	0.005	30000.0	1000	29718490	83	0.0018902889286169188	0.34399355012093524	0.34056101288370566	0.027907238376604505	409.35644602775574	1
sub-0002	0.045	1.83	0.005	30000.0	1000	29718482	75	0.011627265825155665	0.20236495565708146	0.55680154336552	0.018170261480065758	406.2490141391754	1
sub-0002	0.05	1.75	0.005	30000.0	1000	29718493	86	0.008221329139066865	0.2514109110454179	0.4147405440268994	0.02157619816615456	407.09503984451294	1
sub-0002	0.05	1.69	0.005	30000.0	1000	29718491	84	0.002609900504423472	0.3354608976081698	0.3273556953298857	0.027187626800797955	408.7823734283447	1
sub-0002	0.05	1.72	0.005	30000.0	1000	29718492	85	0.004326627254016433	0.3130878796022575	0.37300144010463177	0.025470900051204993	409.85312247276306	1
sub-0002	0.05	1.9	0.005	30000.0	1000	29718498	91	0.02179585254616275	0.09896533190002688	0.7139794311824049	0.008001674759058674	410.1909520626068	1
sub-0002	0.05	1.87	0.005	30000.0	1000	29718497	90	0.01821882479658904	0.11932276269819941	0.6449303223658134	0.011578702508632386	411.48882603645325	1
sub-0002	0.045	1.95	0.005	30000.0	1000	29718486	79	0.03764970386135146	0.11663531308787967	0.7473175800862957	0.007852176556130037	411.8460519313812	1
sub-0002	0.05	1.84	0.005	30000.0	1000	29718496	89	0.01653543396088086	0.1560736361193228	0.5524031945897976	0.013262093344340566	412.00160908699036	1
sub-0002	0.045	2.04	0.005	30000.0	1000	29718489	82	0.031388657599201876	0.05892233270626179	0.5448652503566715	0.0015911302939804507	413.8170862197876	1
sub-0002	0.05	1.93	0.005	30000.0	1000	29718555	92	0.03458445586269893	0.1183821553345874	0.6509432767319301	0.004786928557477508	406.90390968322754	1
sub-0002	0.045	1.86	0.005	30000.0	1000	29718483	76	0.014819326130260185	0.16037355549583454	0.6537796691260453	0.01497820117496124	416.2977340221405	1
sub-0002	0.045	1.89	0.005	30000.0	1000	29718484	77	0.0307845341489149	0.03661650094060742	0.6913787174863508	0.0009870068436934748	416.9451849460602	1
sub-0002	0.045	1.92	0.005	30000.0	1000	29718485	78	0.030482115812192505	0.08774522977694166	0.7559226212130088	0.0006845885069710796	417.2539553642273	1
sub-0002	0.05	2.02	0.005	30000.0	1000	29718558	95	0.019411799312345882	0.10427304488040845	0.6177747623384621	0.010385727992875543	409.07196736335754	1
sub-0002	0.045	2.01	0.005	30000.0	1000	29718488	81	0.031123940199201835	0.062348830959419566	0.7617836766239213	0.0013264128939804096	417.9517378807068	1
sub-0002	0.05	2.05	0.005	30000.0	1000	29715550	96	0.021625039481262334	0.09076861058855146	0.5258178407786597	0.008172487823959091	409.0851376056671	1
sub-0002	0.045	1.98	0.005	30000.0	1000	29718487	80	0.032398779056261505	0.028554152109647957	0.7290889919942762	0.0026012517510400797	416.67481541633606	1
sub-0002	0.05	1.99	0.005	30000.0	1000	29718557	94	0.031076814428682854	0.05099435635581828	0.6063439512310269	0.001279287123461429	409.1632194519043	1
sub-0002	0.05	1.81	0.005	30000.0	1000	29718495	88	0.013517153912732244	0.18026068261220107	0.566760759071263	0.01628037339248918	419.93393564224243	1
sub-0002	0.05	1.78	0.005	30000.0	1000	29718494	87	0.009286684126795137	0.2404595538833647	0.48591071666615937	0.02051084317842629	422.24716353416443	1
sub-0002	0.05	1.96	0.005	30000.0	1000	29718556	93	0.032540235614522274	0.08935769954313355	0.6831967904071414	0.0027427083093008488	416.07975006103516	1
sub-0002	0.025	1.86	0.005	30000.0	1000	29718024	21	7.429715263969705e-05	0.3646197258801398	0.1970146633070052	0.02972323015258173	403.0187418460846	1
sub-0002	0.025	1.83	0.005	30000.0	1000	29718023	20	7.727920748492567e-05	0.3634775597957538	0.08250426175889926	0.0297202480977365	408.8585433959961	1
sub-0002	0.025	1.89	0.005	30000.0	1000	29718025	22	0.0001335236187791527	0.36777747917226555	0.7574234132357301	0.029664003686442272	407.6804955005646	1
sub-0002	0.025	1.92	0.005	30000.0	1000	29718026	23	7.355872628667749e-05	0.37100241870464934	0.7988124560991344	0.029723968578934747	411.2894859313965	1
sub-0002	0.025	1.74	0.005	30000.0	1000	29718020	17	7.045132596723731e-05	0.3627385111529159	0.09621752715294213	0.029727075979254187	411.6893174648285	1
sub-0002	0.025	1.8	0.005	30000.0	1000	29718022	19	6.155063236988884e-05	0.36314162859446386	0.08344323470983595	0.029735976672851536	411.05049753189087	1
sub-0002	0.025	1.77	0.005	30000.0	1000	29718021	18	7.51923799150038e-05	0.36246976619188387	0.09499117297158316	0.02972233492530642	416.4170632362366	1
sub-0002	0.025	1.71	0.005	30000.0	1000	29718019	16	7.402332312948776e-05	0.3623353937113679	0.09336032219434312	0.029723503982091937	419.26767563819885	1
sub-0002	0.025	1.65	0.005	30000.0	1000	29718017	14	7.810887644841466e-05	0.361999462510078	0.08534816124236688	0.02971941842877301	410.123615026474	1
sub-0002	0.025	1.68	0.005	30000.0	1000	29718018	15	7.124520542080298e-05	0.362469766191884	0.08745627316581932	0.029726282099800622	413.996634721756	1
sub-0002	0.025	1.95	0.005	30000.0	1000	29718375	24	0.0040009759564985925	0.30878796022574573	0.8178722136543263	0.025796551348722833	408.03921937942505	1
sub-0002	0.025	1.98	0.005	30000.0	1000	29718376	25	0.012395315059993407	0.18973394248857833	0.45911678182840615	0.01740221224522802	409.4499490261078	1
sub-0002	0.025	2.01	0.005	30000.0	1000	29718377	26	0.008903620311675289	0.25940607363611934	0.415855600584863	0.020893906993546138	408.31107234954834	1
sub-0002	0.04	1.89	0.005	30000.0	1000	29718426	63	0.015438534630028646	0.15365493147003495	0.6067966597132112	0.01435899267519278	394.7098824977875	1
sub-0002	0.035	1.79	0.005	30000.0	1000	29718409	46	0.000693033624373798	0.3541386723998925	0.19862882759174533	0.029104493680847627	408.27496910095215	1
sub-0002	0.03	1.9	0.005	30000.0	1000	29718399	36	0.000298870715468886	0.3593120128997582	0.19703829522233132	0.02949865658975254	407.2356548309326	1
sub-0002	0.04	1.68	0.005	30000.0	1000	29718419	56	0.0008115208013407814	0.35360118247782857	0.18975463391275027	0.028986006503880644	407.07588243484497	1
sub-0002	0.035	1.97	0.005	30000.0	1000	29718415	52	0.027457717086904452	0.12362268207471105	0.7682564154510968	0.0023398102183169733	409.0686914920807	1
sub-0002	0.035	1.76	0.005	30000.0	1000	29718408	45	0.0004223870202848017	0.35662456328943837	0.1602711335334144	0.029375140284936624	410.36748361587524	1
sub-0002	0.04	1.71	0.005	30000.0	1000	29718420	57	0.0010392075040417212	0.3499059392636389	0.23471051094204248	0.028758319801179703	407.9741096496582	1
sub-0002	0.04	1.77	0.005	30000.0	1000	29718422	59	0.0018791958165550178	0.33821553345874766	0.3214166034095639	0.027918331488666407	407.8937141895294	1
sub-0002	0.035	1.91	0.005	30000.0	1000	29718413	50	0.003654309680437237	0.3171190540177372	0.4951059522804353	0.02614321762478419	411.0997495651245	1
sub-0002	0.04	1.8	0.005	30000.0	1000	29718423	60	0.003893627609940712	0.3247782854071486	0.42727774210593256	0.025903899695280713	408.5668041706085	1
sub-0002	0.035	1.94	0.005	30000.0	1000	29718414	51	0.012397157446965705	0.25221714592851385	0.5145053398659709	0.017400369858255722	411.1950089931488	1
sub-0002	0.03	1.78	0.005	30000.0	1000	29718395	32	0.00014503418143345476	0.36146197258801394	0.15537287878379283	0.02965249312378797	408.015576839447	1
sub-0002	0.04	1.74	0.005	30000.0	1000	29718421	58	0.0014880725113576997	0.3459419510884171	0.278666811828839	0.028309454793863726	408.14088344573975	1
sub-0002	0.035	1.73	0.005	30000.0	1000	29718407	44	0.0002668043927052034	0.35843859177640414	0.1212948871142237	0.02953072291251622	411.0162169933319	1
sub-0002	0.03	1.75	0.005	30000.0	1000	29718394	31	0.00011243022313695637	0.3599166890620802	0.10537236413151341	0.029685097082084468	408.8788902759552	1
sub-0002	0.03	1.84	0.005	30000.0	1000	29718397	34	0.00015137977785751136	0.36159634506853	0.17653710920838162	0.029646147527363914	409.38937163352966	1
sub-0002	0.03	1.81	0.005	30000.0	1000	29718396	33	0.0001583218024569882	0.3599166890620801	0.1626388766264515	0.029639205502764436	408.52227878570557	1
sub-0002	0.04	1.65	0.005	30000.0	1000	29718418	55	0.0006369432447432849	0.3536683687180865	0.19893764081602722	0.02916058406047814	409.5987675189972	1
sub-0002	0.03	1.87	0.005	30000.0	1000	29718398	35	0.0001758245205950379	0.3599166890620802	0.18333901893966098	0.029621702784626388	407.6284074783325	1
sub-0002	0.035	2.0	0.005	30000.0	1000	29718416	53	0.02276754826127024	0.11240257995162595	0.830509955739919	0.007029979043951185	412.7843418121338	1
sub-0002	0.025	2.04	0.005	30000.0	1000	29718390	27	0.004562624195582987	0.31651437785541525	0.39050003359198354	0.02523490310963844	410.13019275665283	1
sub-0002	0.035	2.03	0.005	30000.0	1000	29718417	54	0.0270954232507778	0.06866433754367107	0.6112395550676945	0.0027021040544436235	412.5055456161499	1
sub-0002	0.03	1.66	0.005	30000.0	1000	29718391	28	7.235892658893649e-05	0.361865090029562	0.08214051883900446	0.02972516837863249	411.1195447444916	1
sub-0002	0.04	1.92	0.005	30000.0	1000	29718427	64	0.022954937503738546	0.06940338618650899	0.7216143040926861	0.00684258980148288	414.99518060684204	1
sub-0002	0.035	1.7	0.005	30000.0	1000	29718406	43	0.00025325038831990304	0.35796828809459824	0.15773991956813546	0.02954427691690152	408.9088273048401	1
sub-0002	0.03	1.72	0.005	30000.0	1000	29718393	30	0.00013504283273195396	0.3604541789841441	0.08252781331612431	0.02966248447248947	414.18585562705994	1
sub-0002	0.03	1.69	0.005	30000.0	1000	29718392	29	0.00010111821499224584	0.36159634506853	0.07334440858648067	0.02969640909022918	414.15268898010254	1
sub-0002	0.04	1.86	0.005	30000.0	1000	29718425	62	0.0053961218390384345	0.3009943563558184	0.46401577866515176	0.02440140546618299	410.4340989589691	1
sub-0002	0.035	1.82	0.005	30000.0	1000	29718410	47	0.0007072738827788023	0.3541386723998926	0.1993302258832276	0.029090253422442622	411.4936468601227	1
sub-0002	0.035	1.88	0.005	30000.0	1000	29718412	49	0.0030621649692936905	0.333848427841978	0.31171891705188454	0.026735362335927736	411.9287910461426	1
sub-0002	0.04	1.83	0.005	30000.0	1000	29718424	61	0.004934902963826982	0.30670518677774794	0.4634793278147577	0.024862624341394444	412.0112910270691	1
sub-0002	0.035	1.85	0.005	30000.0	1000	29718411	48	0.0013451564867140425	0.34889814565976884	0.20173579688331691	0.028452370818507385	412.3052921295166	1
sub-0002	0.03	1.99	0.005	30000.0	1000	29718402	39	0.0016968143973847655	0.34493415748454714	0.8265058428377966	0.02810071290783666	413.23405289649963	1
sub-0002	0.035	1.67	0.005	30000.0	1000	29718405	42	0.0002682980056858223	0.35729642569201836	0.13802512753092885	0.029529229299535602	414.8498730659485	1
sub-0002	0.03	1.96	0.005	30000.0	1000	29718401	38	0.0012798518222085734	0.3599166890620801	0.7374540619417617	0.02851767548301285	413.81977224349976	1
sub-0002	0.03	2.05	0.005	30000.0	1000	29718404	41	0.01047665105219919	0.24106423004568667	0.4429989892788703	0.019320876253022236	415.5820014476776	1
sub-0002	0.03	2.02	0.005	30000.0	1000	29718403	40	0.018743177504252664	0.13134909970438058	0.5316543154076	0.011054349800968762	415.86341094970703	1
sub-0002	0.03	1.93	0.005	30000.0	1000	29718400	37	0.0006548934522926113	0.35964794410104817	0.28679401941551363	0.029142633852928816	414.0698187351227	1
sub-0002	0.04	2.01	0.005	30000.0	1000	29718462	67	0.02765355355446236	0.05401773716742808	0.7797477593999977	0.0021439737507590664	404.48608016967773	1
sub-0002	0.04	1.98	0.005	30000.0	1000	29718461	66	0.048939628364627806	0.1544611663531309	0.8162563405810758	0.01914210105940638	407.6717426776886	1
sub-0002	0.04	1.95	0.005	30000.0	1000	29718460	65	0.03895492658581879	0.11193227626981994	0.7832063343097182	0.009157399280597365	408.2311885356903	1
sub-0002	0.045	1.72	0.005	30000.0	1000	29718466	71	0.0035229749925904308	0.32276269819940884	0.34927346469472337	0.026274552312630994	408.211439371109	1
sub-0002	0.045	1.69	0.005	30000.0	1000	29718465	70	0.0022829107077605355	0.34029830690674556	0.321343239378455	0.02751461659746089	408.1228029727936	1
sub-0002	0.045	1.66	0.005	30000.0	1000	29718464	69	0.0009419892158129091	0.35219027143241066	0.27793786707158885	0.028855538089408515	409.6976411342621	1
sub-0002	0.045	1.75	0.005	30000.0	1000	29718467	72	0.004554003130667668	0.3068395592582639	0.35892405571609876	0.025243524174553757	410.58893394470215	1
sub-0002	0.04	2.04	0.005	30000.0	1000	29718463	68	0.030217232293975067	0.04118516527815108	0.6213026104624109	0.00041970498875364137	408.1012632846832	1
sub-0002	0.045	1.81	0.005	30000.0	1000	29718481	74	0.008926066710740262	0.23629400698736902	0.4933092707608306	0.020871460594481164	407.02117586135864	1
sub-0002	0.045	1.78	0.005	30000.0	1000	29718480	73	0.007725098564762526	0.27707605482397213	0.378099268531465	0.0220724287404589	410.3243672847748	1
sub-0002	0.05	1.67	0.005	30000.0	1000	29718490	83	0.002484196750382325	0.33888739586132754	0.3576613505006265	0.027313330554839102	411.6197032928467	1
sub-0002	0.05	1.76	0.005	30000.0	1000	29718493	86	0.006691360608168159	0.2798306906745499	0.3914292984918269	0.023106166697053267	402.1479821205139	1
sub-0002	0.045	1.84	0.005	30000.0	1000	29718482	75	0.012025430915916336	0.20726955119591506	0.5070601095149341	0.01777209638930509	402.58071184158325	1
sub-0002	0.05	1.7	0.005	30000.0	1000	29718491	84	0.002891106018656992	0.3318328406342381	0.3856579612624802	0.02690642128656443	408.3119316101074	1
sub-0002	0.05	1.73	0.005	30000.0	1000	29718492	85	0.005104430476225368	0.30227089492072023	0.38108671230920615	0.024693096828996057	410.4458420276642	1
sub-0002	0.05	1.91	0.005	30000.0	1000	29718498	91	0.033243358608764206	0.05751142166084389	0.6617986575288076	0.003445831303542781	410.96639752388	1
sub-0002	0.05	1.85	0.005	30000.0	1000	29718496	89	0.016024961202733088	0.15560333243751678	0.620934313669105	0.013772566102488337	411.6126732826233	1
sub-0002	0.05	1.94	0.005	30000.0	1000	29718555	92	0.03229097539006019	0.10098091910776674	0.6781984252730024	0.0024934480848387668	407.88533115386963	1
sub-0002	0.05	1.88	0.005	30000.0	1000	29718497	90	0.023675222679227968	0.08095941951088426	0.6366674355753271	0.006122304625993457	416.0830910205841	1
sub-0002	0.05	2.03	0.005	30000.0	1000	29718558	95	0.020278295821631133	0.11616500940607366	0.6110220999148004	0.009519231483590292	408.3136658668518	1
sub-0002	0.045	2.05	0.005	30000.0	1000	29718489	82	0.020091899680188506	0.11623219564633169	0.6866421637092457	0.00970562762503292	415.402188539505	1
sub-0002	0.045	1.87	0.005	30000.0	1000	29718483	76	0.016770855777059945	0.14263638806772372	0.6544371483102581	0.01302667152816148	411.7261335849762	1
sub-0002	0.045	1.93	0.005	30000.0	1000	29718485	78	0.035449224213757506	0.11166353130878803	0.7595108165535585	0.005651696908536081	411.95664739608765	1
sub-0002	0.045	1.9	0.005	30000.0	1000	29718484	77	0.026483284124892238	0.05509271701155605	0.6894508552735228	0.003314243180329187	412.3309259414673	1
sub-0002	0.05	2.0	0.005	30000.0	1000	29718557	94	0.02685709308688625	0.027949475947325997	0.6090992698195944	0.002940434218335175	410.7598006725311	1
sub-0002	0.045	2.02	0.005	30000.0	1000	29718488	81	0.031197698926146863	0.03292125772641763	0.6838219172041305	0.0014001716209254382	418.34841442108154	1
sub-0002	0.05	1.82	0.005	30000.0	1000	29718495	88	0.012760185699725283	0.20417898414404734	0.5528946637778419	0.017037341605496144	422.4709749221802	1
sub-0002	0.05	1.79	0.005	30000.0	1000	29718494	87	0.007284705510754993	0.2645122278957269	0.4788050397783009	0.022512821794466432	423.8040952682495	1
sub-0002	0.045	1.96	0.005	30000.0	1000	29718486	79	nan	nan	nan	nan	nan	4
sub-0002	0.045	1.99	0.005	30000.0	1000	29718487	80	nan	nan	nan	nan	nan	4
sub-0002	0.05	1.97	0.005	30000.0	1000	29718556	93	nan	nan	nan	nan	nan	4
