sub-0002	0.0499999998	2.035	0.005	300000.0	200	29162406	28	nan	nan	4
sub-0002	0.03	1.9	0.005	300000.0	200	29162447	1	nan	nan	4
sub-0002	0.0322222222	1.97125	0.005	300000.0	200	29162451	5	nan	nan	4
sub-0002	0.0433333332	1.99	0.005	300000.0	200	29162465	19	nan	nan	4
sub-0002	0.0499999998	1.97875	0.005	300000.0	200	29162473	27	nan	nan	4
sub-0002	0.0388888888	1.90375	0.005	300000.0	200	29162458	12	nan	nan	4
sub-0002	0.0344444444	1.98625	0.005	300000.0	200	29162454	8	nan	nan	4
sub-0002	0.03	1.95625	0.005	300000.0	200	29162448	2	nan	nan	4
sub-0002	0.0322222222	1.915	0.005	300000.0	200	29162450	4	nan	nan	4
sub-0002	0.0388888888	1.96	0.005	300000.0	200	29162459	13	nan	nan	4
sub-0002	0.0366666666	1.945	0.005	300000.0	200	29162456	10	nan	nan	4
sub-0002	0.0477777776	2.02	0.005	300000.0	200	29162471	25	nan	nan	4
sub-0002	0.0322222222	2.0275	0.005	300000.0	200	29162452	6	nan	nan	4
sub-0002	0.041111111	1.975	0.005	300000.0	200	29162462	16	nan	nan	4
sub-0002	0.0344444444	2.0425	0.005	300000.0	200	29162455	9	nan	nan	4
sub-0002	0.0455555554	2.005	0.005	300000.0	200	29162468	22	nan	nan	4
sub-0002	0.03	2.0125	0.005	300000.0	200	29162449	3	nan	nan	4
sub-0002	0.041111111	1.91875	0.005	300000.0	200	29162461	15	nan	nan	4
sub-0002	0.0477777776	1.96375	0.005	300000.0	200	29162470	24	nan	nan	4
sub-0002	0.0344444444	1.93	0.005	300000.0	200	29162453	7	nan	nan	4
sub-0002	0.0433333332	1.93375	0.005	300000.0	200	29162464	18	nan	nan	4
sub-0002	0.0477777776	1.9075	0.005	300000.0	200	29162469	23	nan	nan	4
sub-0002	0.041111111	2.03125	0.005	300000.0	200	29162463	17	nan	nan	4
sub-0002	0.0455555554	1.94875	0.005	300000.0	200	29162467	21	nan	nan	4
sub-0002	0.0388888888	2.01625	0.005	300000.0	200	29162460	14	nan	nan	4
sub-0002	0.0499999998	1.9225	0.005	300000.0	200	29162472	26	nan	nan	4
sub-0002	0.0433333332	2.04625	0.005	300000.0	200	29162466	20	nan	nan	4
sub-0002	0.0366666666	2.00125	0.005	300000.0	200	29162457	11	nan	nan	4
sub-0002	0.03	2.0125	0.005	30000.0	1000	29164108	3	0.0003383790404696411	404.63509345054626	1
sub-0002	0.03	1.9	0.005	30000.0	1000	29164106	1	0.00020227792017855464	404.5140414237976	1
sub-0002	0.0322222222	1.915	0.005	30000.0	1000	29164109	4	0.00020855365924539384	404.8576228618622	1
sub-0002	0.0322222222	1.97125	0.005	30000.0	1000	29164110	5	0.0009580181962775383	405.77737402915955	1
sub-0002	0.03	1.95625	0.005	30000.0	1000	29164107	2	0.00031620695258879607	406.6651785373688	1
sub-0002	0.0366666666	2.00125	0.005	30000.0	1000	29164116	11	0.01106261331023312	407.41205883026123	1
sub-0002	0.0499999998	1.9225	0.005	30000.0	1000	29164131	26	0.004772806145438341	408.02952766418457	1
sub-0002	0.0388888888	1.96	0.005	30000.0	1000	29164118	13	0.006473978843010457	408.30605363845825	1
sub-0002	0.0388888888	1.90375	0.005	30000.0	1000	29164117	12	0.0019030324987597855	408.3331115245819	1
sub-0002	0.0455555554	1.94875	0.005	30000.0	1000	29164126	21	0.005992105042396965	408.47712564468384	1
sub-0002	0.0433333332	1.93375	0.005	30000.0	1000	29164123	18	0.00504121315242255	408.81622338294983	1
sub-0002	0.0433333332	1.99	0.005	30000.0	1000	29164124	19	0.008336493485296652	408.5490074157715	1
sub-0002	0.041111111	1.975	0.005	30000.0	1000	29164121	16	0.009257434107189209	408.8298752307892	1
sub-0002	0.0477777776	1.9075	0.005	30000.0	1000	29164128	23	0.004647878805215846	408.96463418006897	1
sub-0002	0.0433333332	2.04625	0.005	30000.0	1000	29164125	20	0.0038074101947392935	409.2118101119995	1
sub-0002	0.041111111	1.91875	0.005	30000.0	1000	29164120	15	0.0044337582375703665	409.4029357433319	1
sub-0002	0.0366666666	1.945	0.005	30000.0	1000	29164115	10	0.0024837780849794153	409.51045751571655	1
sub-0002	0.0388888888	2.01625	0.005	30000.0	1000	29164119	14	0.005475652273955688	409.5880959033966	1
sub-0002	0.0499999998	1.97875	0.005	30000.0	1000	29164132	27	0.004427827441233729	411.3094964027405	1
sub-0002	0.0455555554	2.005	0.005	30000.0	1000	29164127	22	0.0038769845069066733	409.6385817527771	1
sub-0002	0.0477777776	1.96375	0.005	30000.0	1000	29164129	24	0.005221550021584055	410.65269351005554	1
sub-0002	0.0322222222	2.0275	0.005	30000.0	1000	29164111	6	0.0028690376915109827	411.61287021636963	1
sub-0002	0.0344444444	1.98625	0.005	30000.0	1000	29164113	8	0.0033869023806518362	411.75051712989807	1
sub-0002	0.0344444444	1.93	0.005	30000.0	1000	29164112	7	0.000600490466801287	412.0788424015045	1
sub-0002	0.0344444444	2.0425	0.005	30000.0	1000	29164114	9	0.0028133691973955565	412.6561233997345	1
sub-0002	0.0499999998	2.035	0.005	30000.0	1000	29164008	28	0.0038047631325063814	410.6290547847748	1
sub-0002	0.0477777776	1.9075	0.005	30000.0	1000	29164720	23	0.004647878805215846	407.1769459247589	1
sub-0002	0.0433333332	2.04625	0.005	30000.0	1000	29164717	20	0.0038074101947392935	407.18270921707153	1
sub-0002	0.0477777776	1.96375	0.005	30000.0	1000	29164721	24	0.005221550021584055	408.04403257369995	1
sub-0002	0.0455555554	2.005	0.005	30000.0	1000	29164719	22	0.0038769845069066733	407.5279881954193	1
sub-0002	0.0499999998	1.97875	0.005	30000.0	1000	29164724	27	0.004427827441233729	408.7110023498535	1
sub-0002	0.0344444444	1.98625	0.005	30000.0	1000	29164705	8	0.0033869023806518362	409.72728204727173	1
sub-0002	0.0499999998	2.035	0.005	30000.0	1000	29164666	28	0.0038047631325063814	410.41318368911743	1
sub-0002	0.041111111	1.91875	0.005	30000.0	1000	29164712	15	0.0044337582375703665	408.5029366016388	1
sub-0002	0.03	1.95625	0.005	30000.0	1000	29164699	2	0.00031620695258879607	411.0698273181915	1
sub-0002	0.0455555554	1.94875	0.005	30000.0	1000	29164718	21	0.005992105042396965	408.34299778938293	1
sub-0002	0.0344444444	1.93	0.005	30000.0	1000	29164704	7	0.000600490466801287	410.97476387023926	1
sub-0002	0.041111111	1.975	0.005	30000.0	1000	29164713	16	0.009257434107189209	410.1336131095886	1
sub-0002	0.0322222222	2.0275	0.005	30000.0	1000	29164703	6	0.0028690376915109827	411.0330572128296	1
sub-0002	0.0388888888	1.96	0.005	30000.0	1000	29164710	13	0.006473978843010457	410.98528695106506	1
sub-0002	0.0322222222	1.97125	0.005	30000.0	1000	29164702	5	0.0009580181962775383	411.0675148963928	1
sub-0002	0.0366666666	1.945	0.005	30000.0	1000	29164707	10	0.0024837780849794153	411.35226488113403	1
sub-0002	0.0366666666	2.00125	0.005	30000.0	1000	29164708	11	0.01106261331023312	411.6481158733368	1
sub-0002	0.03	2.0125	0.005	30000.0	1000	29164700	3	0.0003383790404696411	411.6832482814789	1
sub-0002	0.03	1.9	0.005	30000.0	1000	29164698	1	0.00020227792017855464	411.7211937904358	1
sub-0002	0.0344444444	2.0425	0.005	30000.0	1000	29164706	9	0.0028133691973955565	412.1534774303436	1
sub-0002	0.0433333332	1.93375	0.005	30000.0	1000	29164715	18	0.00504121315242255	412.50309467315674	1
sub-0002	0.0499999998	1.9225	0.005	30000.0	1000	29164723	26	0.004772806145438341	409.6085510253906	1
sub-0002	0.0322222222	1.915	0.005	30000.0	1000	29164701	4	0.00020855365924539384	414.01637506484985	1
sub-0002	0.0388888888	1.90375	0.005	30000.0	1000	29164709	12	0.0019030324987597855	418.65877747535706	1
sub-0002	0.0388888888	2.01625	0.005	30000.0	1000	29164711	14	0.005475652273955688	407.70189666748047	1
sub-0002	0.0433333332	1.99	0.005	30000.0	1000	29164716	19	0.008336493485296652	417.09601068496704	1
sub-0002	0.0477777776	2.02	0.005	30000.0	1000	29164722	25	nan	807.1908857822418	1
sub-0002	0.041111111	2.03125	0.005	30000.0	1000	29164714	17	nan	812.7233366966248	1
sub-0002	0.0322222222	1.975	0.005	30000.0	1000	29164702	5	0.0006714966108345072	409.26091623306274	1
sub-0002	0.0455555554	2.00875	0.005	30000.0	1000	29164719	22	0.006734537008602127	409.33359360694885	1
sub-0002	0.0455555554	1.9525	0.005	30000.0	1000	29164718	21	0.008274470928982355	409.4059545993805	1
sub-0002	0.0477777776	1.91125	0.005	30000.0	1000	29164720	23	0.0036364101019471704	410.7447052001953	1
sub-0002	0.0433333332	2.05	0.005	30000.0	1000	29164717	20	0.006007046471743709	411.1219172477722	1
sub-0002	0.0366666666	1.94875	0.005	30000.0	1000	29164707	10	0.003460925879012969	411.7992160320282	1
sub-0002	0.0499999998	2.03875	0.005	30000.0	1000	29164666	28	0.004470693492911959	411.22966170310974	1
sub-0002	0.0477777776	1.9675	0.005	30000.0	1000	29164721	24	0.005067755209016581	412.1844620704651	1
sub-0002	0.041111111	1.9225	0.005	30000.0	1000	29164712	15	0.0038289729222355223	412.2723386287689	1
sub-0002	0.0344444444	2.04625	0.005	30000.0	1000	29164706	9	0.0029369205301268343	412.4386467933655	1
sub-0002	0.0433333332	1.9375	0.005	30000.0	1000	29164715	18	0.007107837566565031	412.9321222305298	1
sub-0002	0.0499999998	1.9825	0.005	30000.0	1000	29164724	27	0.003997158765003825	413.725515127182	1
sub-0002	0.0344444444	1.99	0.005	30000.0	1000	29164705	8	0.005026546738825561	413.3242766857147	1
sub-0002	0.0344444444	1.93375	0.005	30000.0	1000	29164704	7	0.0006906305289765431	414.96133971214294	1
sub-0002	0.041111111	1.97875	0.005	30000.0	1000	29164713	16	0.009558643406418488	415.0795347690582	1
sub-0002	0.0366666666	2.005	0.005	30000.0	1000	29164708	11	0.005658318524795338	415.20710730552673	1
sub-0002	0.03	1.96	0.005	30000.0	1000	29164699	2	0.000647408513277733	416.23343992233276	1
sub-0002	0.0322222222	2.03125	0.005	30000.0	1000	29164703	6	0.002237252286154607	416.3214008808136	1
sub-0002	0.0388888888	1.96375	0.005	30000.0	1000	29164710	13	0.008580871880337048	416.4152076244354	1
sub-0002	0.03	1.90375	0.005	30000.0	1000	29164698	1	0.00020817791297871247	416.80005073547363	1
sub-0002	0.03	2.01625	0.005	30000.0	1000	29164700	3	0.004066104925414303	417.105455160141	1
sub-0002	0.0322222222	1.91875	0.005	30000.0	1000	29164701	4	0.00019052538506525581	417.99176573753357	1
sub-0002	0.0388888888	1.9075	0.005	30000.0	1000	29164709	12	0.0023092375604020056	420.6509051322937	1
sub-0002	0.0388888888	2.02	0.005	30000.0	1000	29164711	14	0.007690496036141402	409.497437953949	1
sub-0002	0.0433333332	1.99375	0.005	30000.0	1000	29164716	19	0.006764226785401289	413.87524700164795	1
sub-0002	0.0499999998	1.92625	0.005	30000.0	1000	29164723	26	nan	446.2575273513794	1
sub-0002	0.041111111	2.035	0.005	30000.0	1000	29164714	17	0.005232901283768781	409.40445351600647	1
sub-0002	0.0477777776	2.02375	0.005	30000.0	1000	29164722	25	0.004240756305460148	410.5547173023224	1
sub-0002	0.0322222222	1.97875	0.005	30000.0	1000	29164702	5	0.000444729802544339	402.881844997406	1
sub-0002	0.0366666666	1.9525	0.005	30000.0	1000	29164707	10	0.003148401157267901	403.5872411727905	1
sub-0002	0.0344444444	1.99375	0.005	30000.0	1000	29164705	8	0.002733347572599703	403.51862263679504	1
sub-0002	0.0344444444	2.05	0.005	30000.0	1000	29164706	9	0.003984117898190628	405.1266939640045	1
sub-0002	0.0477777776	1.915	0.005	30000.0	1000	29164720	23	0.004727893836588989	407.8021104335785	1
sub-0002	0.0455555554	1.95625	0.005	30000.0	1000	29164718	21	0.0060438618815749365	408.3251404762268	1
sub-0002	0.0455555554	1.9	0.005	30000.0	1000	29164717	20	0.003659165430136787	408.59438586235046	1
sub-0002	0.0455555554	2.0125	0.005	30000.0	1000	29164719	22	0.005912093760606263	408.9122393131256	1
sub-0002	0.0322222222	2.035	0.005	30000.0	1000	29164703	6	0.0026367741277210713	406.91009998321533	1
sub-0002	0.0344444444	1.9375	0.005	30000.0	1000	29164704	7	0.0006058716878448383	407.36308574676514	1
sub-0002	0.0366666666	2.00875	0.005	30000.0	1000	29164708	11	0.0059116913505850984	408.1155643463135	1
sub-0002	0.0477777776	1.97125	0.005	30000.0	1000	29164721	24	0.006165084166212839	410.6722078323364	1
sub-0002	0.0499999998	2.0425	0.005	30000.0	1000	29164666	28	0.003269789387949032	410.039274930954	1
sub-0002	0.041111111	1.92625	0.005	30000.0	1000	29164712	15	0.0045374451318432475	410.853004693985	1
sub-0002	0.0388888888	1.9675	0.005	30000.0	1000	29164710	13	0.008872060627909602	408.4999752044678	1
sub-0002	0.0433333332	1.94125	0.005	30000.0	1000	29164715	18	0.006703513793516445	410.96857810020447	1
sub-0002	0.0499999998	1.98625	0.005	30000.0	1000	29164724	27	0.0043352315545752175	411.192090511322	1
sub-0002	0.041111111	1.9825	0.005	30000.0	1000	29164713	16	0.010970588639004417	411.7757487297058	1
sub-0002	0.0322222222	1.9225	0.005	30000.0	1000	29164701	4	0.00020633725982745506	409.5404031276703	1
sub-0002	0.03	2.02	0.005	30000.0	1000	29164700	3	0.0026833805133880157	409.92265009880066	1
sub-0002	0.03	1.9075	0.005	30000.0	1000	29164698	1	0.00021540023910774576	410.282009601593	1
sub-0002	0.03	1.96375	0.005	30000.0	1000	29164699	2	0.0002335743784936941	411.4734592437744	1
sub-0002	0.0388888888	1.91125	0.005	30000.0	1000	29164709	12	0.0019335214337669066	412.8302505016327	1
sub-0002	0.0388888888	2.02375	0.005	30000.0	1000	29164711	14	0.005848554759825775	407.4815742969513	1
sub-0002	0.0433333332	1.9975	0.005	30000.0	1000	29164716	19	0.006011876499111793	412.52754306793213	1
sub-0002	0.0499999998	1.93	0.005	30000.0	1000	29164723	26	0.004043191682387183	408.8660478591919	1
sub-0002	0.0477777776	2.0275	0.005	30000.0	1000	29164722	25	0.0039118361919584154	408.3718092441559	1
sub-0002	0.041111111	2.03875	0.005	30000.0	1000	29164714	17	0.006040473565135618	409.6204442977905	1
sub-0002	0.0366666666	2.0125	0.005	30000.0	1000	29164708	11	0.007427944124554239	400.02770829200745	1
sub-0002	0.0322222222	1.9825	0.005	30000.0	1000	29164702	5	0.00041596412239361825	403.52617597579956	1
sub-0002	0.0366666666	1.9	0.005	30000.0	1000	29164706	9	0.0008644105210017665	403.59065198898315	1
sub-0002	0.0366666666	1.95625	0.005	30000.0	1000	29164707	10	0.0038351597380046963	403.7109410762787	1
sub-0002	0.0344444444	1.9975	0.005	30000.0	1000	29164705	8	0.004097348203849126	403.9361093044281	1
sub-0002	0.0344444444	1.94125	0.005	30000.0	1000	29164704	7	0.0007747858945135685	403.79064297676086	1
sub-0002	0.0477777776	1.91875	0.005	30000.0	1000	29164720	23	0.004167732360769428	406.7106945514679	1
sub-0002	0.0388888888	1.97125	0.005	30000.0	1000	29164710	13	0.0073970506306798925	407.5985906124115	1
sub-0002	0.0455555554	1.96	0.005	30000.0	1000	29164718	21	0.006474352305214293	407.76959586143494	1
sub-0002	0.0455555554	2.01625	0.005	30000.0	1000	29164719	22	0.006231437197211443	407.75110816955566	1
sub-0002	0.0477777776	1.975	0.005	30000.0	1000	29164721	24	0.005007912384571365	409.7852005958557	1
sub-0002	0.041111111	1.93	0.005	30000.0	1000	29164712	15	0.006267304942923235	410.49305534362793	1
sub-0002	0.0455555554	1.90375	0.005	30000.0	1000	29164717	20	0.004908815507745071	410.9272389411926	1
sub-0002	0.0499999998	2.04625	0.005	30000.0	1000	29164666	28	0.0037481855637053045	409.19709372520447	1
sub-0002	0.041111111	1.98625	0.005	30000.0	1000	29164713	16	0.009612305380636602	410.3625702857971	1
sub-0002	0.03	2.02375	0.005	30000.0	1000	29164700	3	0.0013343230023704765	408.8448143005371	1
sub-0002	0.03	1.9675	0.005	30000.0	1000	29164699	2	0.0002904041675728876	408.65159249305725	1
sub-0002	0.0322222222	1.92625	0.005	30000.0	1000	29164701	4	0.0002350044203151925	410.49675846099854	1
sub-0002	0.03	1.91125	0.005	30000.0	1000	29164698	1	0.0001975540245370002	411.1809678077698	1
sub-0002	0.0388888888	2.0275	0.005	30000.0	1000	29164711	14	0.005368127170511836	406.7507128715515	1
sub-0002	0.0388888888	1.915	0.005	30000.0	1000	29164709	12	0.0025826041584214718	413.28645300865173	1
sub-0002	0.0499999998	1.93375	0.005	30000.0	1000	29164723	26	0.003959408149431912	408.3635127544403	1
sub-0002	0.0433333332	2.00125	0.005	30000.0	1000	29164716	19	0.0061775241066371785	411.8550431728363	1
sub-0002	0.0344444444	2.00125	0.005	30000.0	1000	29164705	8	0.0048110438281471065	405.9889278411865	1
sub-0002	0.0344444444	1.945	0.005	30000.0	1000	29164704	7	0.000929242979665642	404.4596600532532	1
sub-0002	0.0322222222	1.98625	0.005	30000.0	1000	29164702	5	0.0009183795686169481	406.56149077415466	1
sub-0002	0.0477777776	2.03125	0.005	30000.0	1000	29164722	25	0.004489161207750363	411.85511016845703	1
sub-0002	0.0366666666	2.01625	0.005	30000.0	1000	29164708	11	0.006186404593506796	407.47778272628784	1
sub-0002	0.0366666666	1.96	0.005	30000.0	1000	29164707	10	0.0026196568350727377	407.9222114086151	1
sub-0002	0.0366666666	1.90375	0.005	30000.0	1000	29164706	9	0.0006486757079409984	409.2824594974518	1
sub-0002	0.041111111	2.0425	0.005	30000.0	1000	29164714	17	0.005833812533096145	410.1398997306824	1
sub-0002	0.0455555554	1.9075	0.005	30000.0	1000	29164717	20	0.005659404445146215	403.59403586387634	1
sub-0002	0.0455555554	1.96375	0.005	30000.0	1000	29164718	21	0.006442137638864726	406.4356029033661	1
sub-0002	0.0388888888	1.975	0.005	30000.0	1000	29164710	13	0.008478261622943175	408.96905040740967	1
sub-0002	0.0477777776	1.9225	0.005	30000.0	1000	29164720	23	0.004304959865510923	409.2647430896759	1
sub-0002	0.0455555554	2.02	0.005	30000.0	1000	29164719	22	0.005384748235674641	409.3501317501068	1
sub-0002	0.0477777776	1.97875	0.005	30000.0	1000	29164721	24	0.005099288828921594	408.9140930175781	1
sub-0002	0.041111111	1.93375	0.005	30000.0	1000	29164712	15	0.005935845005797249	409.6965026855469	1
sub-0002	0.03	1.97125	0.005	30000.0	1000	29164699	2	0.00021554026583904746	408.62560176849365	1
sub-0002	0.03	2.0275	0.005	30000.0	1000	29164700	3	0.002046377156042664	409.23067593574524	1
sub-0002	0.041111111	1.99	0.005	30000.0	1000	29164713	16	0.007683369265140575	411.1408324241638	1
sub-0002	0.0322222222	1.93	0.005	30000.0	1000	29164701	4	0.00026394272948643954	409.98716020584106	1
sub-0002	0.03	1.915	0.005	30000.0	1000	29164698	1	0.00021707832431592784	410.01138520240784	1
sub-0002	0.0388888888	1.91875	0.005	30000.0	1000	29164709	12	0.0026127725950743563	416.0516748428345	1
sub-0002	0.0388888888	2.03125	0.005	30000.0	1000	29164711	14	0.00500895673580816	407.38452529907227	1
sub-0002	0.0433333332	2.005	0.005	30000.0	1000	29164716	19	0.008002535899085164	414.6360127925873	1
sub-0002	0.0322222222	2.03875	0.005	30000.0	1000	29164703	6	nan	nan	4
sub-0002	0.0433333332	1.945	0.005	30000.0	1000	29164715	18	nan	nan	4
sub-0002	0.0499999998	1.99	0.005	30000.0	1000	29164724	27	nan	nan	4
sub-0002	0.0366666666	1.9075	0.005	30000.0	1000	29164706	9	0.0009202504637547027	410.04509377479553	1
sub-0002	0.0366666666	1.96375	0.005	30000.0	1000	29164707	10	0.0029438418791536626	410.25899481773376	1
sub-0002	0.0344444444	1.94875	0.005	30000.0	1000	29164704	7	0.0005182968076640393	410.33621859550476	1
sub-0002	0.0322222222	1.99	0.005	30000.0	1000	29164702	5	0.0008025932367177162	411.30193614959717	1
sub-0002	0.0344444444	2.005	0.005	30000.0	1000	29164705	8	0.005210857423055576	411.6241407394409	1
sub-0002	0.0366666666	2.02	0.005	30000.0	1000	29164708	11	0.004752597227305505	412.2522213459015	1
sub-0002	0.0477777776	2.035	0.005	30000.0	1000	29164722	25	0.004689799950852388	413.05444741249084	1
sub-0002	0.041111111	2.04625	0.005	30000.0	1000	29164714	17	0.005734103852103152	409.04902744293213	1
sub-0002	0.0455555554	2.02375	0.005	30000.0	1000	29164719	22	0.005870764247503805	410.0267913341522	1
sub-0002	0.0455555554	1.91125	0.005	30000.0	1000	29164717	20	0.004242490390817699	411.4740056991577	1
sub-0002	0.0477777776	1.92625	0.005	30000.0	1000	29164720	23	0.005139024564914478	411.61915016174316	1
sub-0002	0.0388888888	1.97875	0.005	30000.0	1000	29164710	13	0.01288474757730318	412.15339374542236	1
sub-0002	0.0455555554	1.9675	0.005	30000.0	1000	29164718	21	0.00804445543718733	410.5358066558838	1
sub-0002	0.041111111	1.9375	0.005	30000.0	1000	29164712	15	0.005267625698603099	412.9463646411896	1
sub-0002	0.041111111	1.99375	0.005	30000.0	1000	29164713	16	0.008522531568500379	411.3287332057953	1
sub-0002	0.0322222222	1.93375	0.005	30000.0	1000	29164701	4	0.0003004216263970884	412.25987935066223	1
sub-0002	0.03	1.975	0.005	30000.0	1000	29164699	2	0.00036010295509594174	412.4019968509674	1
sub-0002	0.03	2.03125	0.005	30000.0	1000	29164700	3	0.0017366540587405745	414.3330762386322	1
sub-0002	0.03	1.91875	0.005	30000.0	1000	29164698	1	0.000197029586578453	414.4484894275665	1
sub-0002	0.0388888888	1.9225	0.005	30000.0	1000	29164709	12	0.0034521727916159185	412.84830594062805	1
sub-0002	0.0388888888	2.035	0.005	30000.0	1000	29164711	14	0.004894271288873509	411.06991386413574	1
sub-0002	0.0433333332	2.00875	0.005	30000.0	1000	29164716	19	0.0075387817032317485	413.9485230445862	1
sub-0002	0.0499999998	2.05	0.005	30000.0	1000	29164666	28	nan	nan	4
sub-0002	0.0499999998	1.9375	0.005	30000.0	1000	29164723	26	nan	nan	4
sub-0002	0.0344444444	1.9525	0.005	30000.0	1000	29164704	7	0.0016674146657976899	407.98276829719543	1
sub-0002	0.0344444444	2.00875	0.005	30000.0	1000	29164705	8	0.005517744529730886	407.9136052131653	1
sub-0002	0.0366666666	1.9675	0.005	30000.0	1000	29164707	10	0.00329799077301118	409.3272292613983	1
sub-0002	0.0366666666	2.02375	0.005	30000.0	1000	29164708	11	0.004961719067323401	409.8611648082733	1
sub-0002	0.0322222222	1.99375	0.005	30000.0	1000	29164702	5	0.0034622767435863017	411.38995456695557	1
sub-0002	0.0366666666	1.91125	0.005	30000.0	1000	29164706	9	0.0009826143431428114	413.6375789642334	1
sub-0002	0.0388888888	1.9825	0.005	30000.0	1000	29164710	13	0.009257069659217233	413.70483446121216	1
sub-0002	0.0477777776	2.03875	0.005	30000.0	1000	29164722	25	0.003732315671136444	415.495414018631	1
sub-0002	0.041111111	2.05	0.005	30000.0	1000	29164714	17	0.005947751953656728	416.7115366458893	1
sub-0002	0.0477777776	1.93	0.005	30000.0	1000	29164720	23	0.004833349520031462	414.91153025627136	1
sub-0002	0.0455555554	2.0275	0.005	30000.0	1000	29164719	22	0.0052822912999346055	416.15032625198364	1
sub-0002	0.0455555554	1.97125	0.005	30000.0	1000	29164718	21	0.007408056694731055	416.97675037384033	1
sub-0002	0.041111111	1.94125	0.005	30000.0	1000	29164712	15	0.006881901786607875	412.3664448261261	1
sub-0002	0.0322222222	1.9375	0.005	30000.0	1000	29164701	4	0.0002587156455618711	413.7563467025757	1
sub-0002	0.03	1.97875	0.005	30000.0	1000	29164699	2	0.00028683068667488727	413.8375084400177	1
sub-0002	0.0388888888	1.92625	0.005	30000.0	1000	29164709	12	0.003532854757204127	413.28521060943604	1
sub-0002	0.03	1.9225	0.005	30000.0	1000	29164698	1	0.00022924710935203258	414.5657169818878	1
sub-0002	0.041111111	1.9975	0.005	30000.0	1000	29164713	16	0.007552415208814357	415.50194478034973	1
sub-0002	0.03	2.035	0.005	30000.0	1000	29164700	3	0.0017926381624904706	415.6248834133148	1
sub-0002	0.0388888888	2.03875	0.005	30000.0	1000	29164711	14	0.0037215338585949304	409.33804845809937	1
sub-0002	0.0433333332	2.0125	0.005	30000.0	1000	29164716	19	0.00713429740448567	413.496066570282	1
sub-0002	0.0477777776	1.9825	0.005	30000.0	1000	29164721	24	nan	nan	4
sub-0002	0.0366666666	1.915	0.005	30000.0	1000	29164706	9	0.0010544781465792563	404.61962723731995	1
sub-0002	0.0344444444	1.95625	0.005	30000.0	1000	29164704	7	0.0014255009992646557	405.8372132778168	1
sub-0002	0.0322222222	1.9975	0.005	30000.0	1000	29164702	5	0.0005679035772691809	406.84182572364807	1
sub-0002	0.0366666666	1.97125	0.005	30000.0	1000	29164707	10	0.003161053938647565	407.57857179641724	1
sub-0002	0.0344444444	2.0125	0.005	30000.0	1000	29164705	8	0.003560756155653464	408.21238231658936	1
sub-0002	0.0366666666	2.0275	0.005	30000.0	1000	29164708	11	0.005957664438569379	409.886346578598	1
sub-0002	0.0388888888	1.98625	0.005	30000.0	1000	29164710	13	0.006860954031089431	408.842321395874	1
sub-0002	0.0477777776	2.0425	0.005	30000.0	1000	29164722	25	0.004521206219356419	410.5037350654602	1
sub-0002	0.0433333332	1.9	0.005	30000.0	1000	29164714	17	0.003993105883820909	411.8767170906067	1
sub-0002	0.0477777776	1.93375	0.005	30000.0	1000	29164720	23	0.006195393314045977	410.32853722572327	1
sub-0002	0.0455555554	2.03125	0.005	30000.0	1000	29164719	22	0.005733010316309519	411.67832922935486	1
sub-0002	0.0455555554	1.975	0.005	30000.0	1000	29164718	21	0.007084760969817094	413.56758642196655	1
sub-0002	0.0388888888	1.93	0.005	30000.0	1000	29164709	12	0.0036760340372841826	412.7271592617035	1
sub-0002	0.041111111	1.945	0.005	30000.0	1000	29164712	15	0.006009612157848434	412.75972867012024	1
sub-0002	0.041111111	2.00125	0.005	30000.0	1000	29164713	16	0.008189507626947201	412.3301365375519	1
sub-0002	0.0322222222	1.94125	0.005	30000.0	1000	29164701	4	0.00036707551793038	414.6862225532532	1
sub-0002	0.03	1.9825	0.005	30000.0	1000	29164699	2	0.000243310601441029	414.7592422962189	1
sub-0002	0.03	1.92625	0.005	30000.0	1000	29164698	1	0.00020947128370428633	415.8094279766083	1
sub-0002	0.03	2.03875	0.005	30000.0	1000	29164700	3	0.0021298137461220833	417.0364053249359	1
sub-0002	0.0388888888	2.0425	0.005	30000.0	1000	29164711	14	0.00449047536904958	408.1531994342804	1
sub-0002	0.0433333332	2.01625	0.005	30000.0	1000	29164716	19	0.0045519159301438865	413.71586751937866	1
sub-0002	0.0455555554	1.915	0.005	30000.0	1000	29164717	20	nan	nan	4
sub-0002	0.0366666666	2.03125	0.005	30000.0	1000	29164708	11	0.002705470162782213	405.53735637664795	1
sub-0002	0.0366666666	1.975	0.005	30000.0	1000	29164707	10	0.005731737222794562	406.0865833759308	1
sub-0002	0.0366666666	1.91875	0.005	30000.0	1000	29164706	9	0.0017379828586478333	407.5407326221466	1
sub-0002	0.0322222222	2.00125	0.005	30000.0	1000	29164702	5	0.00035257552013049823	408.48699021339417	1
sub-0002	0.0344444444	1.96	0.005	30000.0	1000	29164704	7	0.0010792332227965776	409.5100476741791	1
sub-0002	0.0388888888	1.99	0.005	30000.0	1000	29164710	13	0.006607644599294429	411.19763827323914	1
sub-0002	0.0477777776	2.04625	0.005	30000.0	1000	29164722	25	0.0035293082043289566	411.25123143196106	1
sub-0002	0.0433333332	1.90375	0.005	30000.0	1000	29164714	17	0.004707611467251038	410.9119896888733	1
sub-0002	0.0388888888	1.93375	0.005	30000.0	1000	29164709	12	0.004584525229380254	412.85249876976013	1
sub-0002	0.0477777776	1.9375	0.005	30000.0	1000	29164720	23	0.005599330817944228	410.03099393844604	1
sub-0002	0.0455555554	2.035	0.005	30000.0	1000	29164719	22	0.004124269508649446	412.31836223602295	1
sub-0002	0.041111111	2.005	0.005	30000.0	1000	29164713	16	0.009113925755526955	413.03817796707153	1
sub-0002	0.041111111	1.94875	0.005	30000.0	1000	29164712	15	0.009444759366018875	414.5877273082733	1
sub-0002	0.03	1.98625	0.005	30000.0	1000	29164699	2	0.0004714397570956787	417.23668694496155	1
sub-0002	0.0322222222	1.945	0.005	30000.0	1000	29164701	4	0.000815313378121645	417.53502583503723	1
sub-0002	0.03	1.93	0.005	30000.0	1000	29164698	1	0.00025010751257925433	419.1799075603485	1
sub-0002	0.03	2.0425	0.005	30000.0	1000	29164700	3	0.0014344716377569608	419.2600054740906	1
sub-0002	0.0388888888	2.04625	0.005	30000.0	1000	29164711	14	0.0038518280283218434	408.66676354408264	1
sub-0002	0.0433333332	2.02	0.005	30000.0	1000	29164716	19	0.005352975533027392	413.2898654937744	1
sub-0002	0.0366666666	1.9225	0.005	30000.0	1000	29164706	9	0.0015536759652025087	405.376264333725	1
sub-0002	0.0344444444	1.96375	0.005	30000.0	1000	29164704	7	0.001774885716296264	406.6149332523346	1
sub-0002	0.0322222222	2.005	0.005	30000.0	1000	29164702	5	0.0009067424721786839	407.20192885398865	1
sub-0002	0.0366666666	2.035	0.005	30000.0	1000	29164708	11	0.004232698366690925	407.6165635585785	1
sub-0002	0.0366666666	1.97875	0.005	30000.0	1000	29164707	10	0.007331275039161084	408.2504231929779	1
sub-0002	0.0388888888	1.99375	0.005	30000.0	1000	29164710	13	0.008222823657819229	408.8785171508789	1
sub-0002	0.0477777776	2.05	0.005	30000.0	1000	29164722	25	0.0034168851185879716	410.13546895980835	1
sub-0002	0.0433333332	1.9075	0.005	30000.0	1000	29164714	17	0.005515867283453045	411.63273763656616	1
sub-0002	0.0477777776	1.94125	0.005	30000.0	1000	29164720	23	0.005637328922430844	408.7652804851532	1
sub-0002	0.0388888888	1.9375	0.005	30000.0	1000	29164709	12	0.00384166827581043	413.40127635002136	1
sub-0002	0.041111111	2.00875	0.005	30000.0	1000	29164713	16	0.007411708971600855	411.95712971687317	1
sub-0002	0.041111111	1.9525	0.005	30000.0	1000	29164712	15	0.008091879219469938	412.55057883262634	1
sub-0002	0.03	2.04625	0.005	30000.0	1000	29164700	3	0.001321975929992587	411.9472553730011	1
sub-0002	0.03	1.99	0.005	30000.0	1000	29164699	2	0.0007410131271705897	412.4230544567108	1
sub-0002	0.03	1.93375	0.005	30000.0	1000	29164698	1	0.0002021082826074535	413.1626172065735	1
sub-0002	0.0322222222	1.94875	0.005	30000.0	1000	29164701	4	0.0002939028846219577	412.9182159900665	1
sub-0002	0.0388888888	2.05	0.005	30000.0	1000	29164711	14	0.0034844073617199887	410.09695196151733	1
sub-0002	0.0344444444	2.01625	0.005	30000.0	1000	29164705	8	nan	nan	4
sub-0002	0.0455555554	1.97875	0.005	30000.0	1000	29164718	21	nan	nan	4
sub-0002	0.0366666666	1.9825	0.005	30000.0	1000	29164707	10	0.0065611108157540505	404.60862851142883	1
sub-0002	0.0322222222	2.00875	0.005	30000.0	1000	29164702	5	0.0019591159487159014	407.4029223918915	1
sub-0002	0.0366666666	1.92625	0.005	30000.0	1000	29164706	9	0.0010661720665314789	408.04594826698303	1
sub-0002	0.0344444444	1.9675	0.005	30000.0	1000	29164704	7	0.0015635566541872732	408.33607625961304	1
sub-0002	0.0388888888	1.9975	0.005	30000.0	1000	29164710	13	0.014842639342056863	412.0579538345337	1
sub-0002	0.0477777776	1.945	0.005	30000.0	1000	29164720	23	0.0053775424434466075	408.9890697002411	1
sub-0002	0.0388888888	1.94125	0.005	30000.0	1000	29164709	12	0.004872546149540307	413.4166033267975	1
sub-0002	0.041111111	1.95625	0.005	30000.0	1000	29164712	15	0.010561480810344203	411.124680519104	1
sub-0002	0.0499999998	1.9	0.005	30000.0	1000	29164722	25	0.00305087542033277	412.39568972587585	1
sub-0002	0.0433333332	1.91125	0.005	30000.0	1000	29164714	17	0.0050917070228101565	412.39009380340576	1
sub-0002	0.041111111	2.0125	0.005	30000.0	1000	29164713	16	0.006942410377323475	414.93622851371765	1
sub-0002	0.03	1.99375	0.005	30000.0	1000	29164699	2	0.0034608941357531942	414.7396340370178	1
sub-0002	0.03	1.9375	0.005	30000.0	1000	29164698	1	0.00020480867984658062	414.9715712070465	1
sub-0002	0.03	2.05	0.005	30000.0	1000	29164700	3	0.0013957427584672466	416.2749078273773	1
sub-0002	0.0322222222	1.9525	0.005	30000.0	1000	29164701	4	0.0002386747694021013	417.3686800003052	1
sub-0002	0.041111111	1.9	0.005	30000.0	1000	29164711	14	0.002542329686975268	410.38180565834045	1
sub-0002	0.0455555554	2.03875	0.005	30000.0	1000	29164719	22	nan	nan	4
sub-0002	0.0433333332	2.02375	0.005	30000.0	1000	29164716	19	nan	nan	4
sub-0002	0.0366666666	1.93	0.005	30000.0	1000	29164706	9	0.0013723900680917718	406.19032645225525	1
sub-0002	0.0344444444	1.97125	0.005	30000.0	1000	29164704	7	0.0021012574953743687	406.7428512573242	1
sub-0002	0.0322222222	2.0125	0.005	30000.0	1000	29164702	5	0.0007609836771130823	409.1882441043854	1
sub-0002	0.0366666666	1.98625	0.005	30000.0	1000	29164707	10	0.006297358913026561	410.0862057209015	1
sub-0002	0.0388888888	2.00125	0.005	30000.0	1000	29164710	13	0.006433647507701614	412.66844415664673	1
sub-0002	0.0388888888	1.945	0.005	30000.0	1000	29164709	12	0.006075376551549694	413.5740361213684	1
sub-0002	0.0499999998	1.90375	0.005	30000.0	1000	29164722	25	0.0049030782758932	411.2396671772003	1
sub-0002	0.041111111	1.96	0.005	30000.0	1000	29164712	15	0.0064336679843607246	411.6190323829651	1
sub-0002	0.041111111	2.01625	0.005	30000.0	1000	29164713	16	0.005834309894391201	412.91131496429443	1
sub-0002	0.0433333332	1.915	0.005	30000.0	1000	29164714	17	0.004463938787263159	413.69757556915283	1
sub-0002	0.0322222222	1.9	0.005	30000.0	1000	29164700	3	0.00026615797721050554	416.16181993484497	1
sub-0002	0.03	1.9975	0.005	30000.0	1000	29164699	2	0.001730654407181235	416.7395238876343	1
sub-0002	0.0322222222	1.95625	0.005	30000.0	1000	29164701	4	0.000263787081618241	418.9733724594116	1
sub-0002	0.03	1.94125	0.005	30000.0	1000	29164698	1	0.00022934239219336868	420.11907625198364	1
sub-0002	0.041111111	1.90375	0.005	30000.0	1000	29164711	14	0.0029808316047828	410.4831027984619	1
sub-0002	0.0366666666	2.03875	0.005	30000.0	1000	29164708	11	nan	nan	4
sub-0002	0.0366666666	1.99	0.005	30000.0	1000	29164707	10	0.006826412922572844	405.5881600379944	1
sub-0002	0.0344444444	1.975	0.005	30000.0	1000	29164704	7	0.0023230434704488725	407.32175755500793	1
sub-0002	0.0433333332	1.91875	0.005	30000.0	1000	29164714	17	0.004808563438600727	410.2456843852997	1
sub-0002	0.0499999998	1.9075	0.005	30000.0	1000	29164722	25	0.004767528326194665	409.64457607269287	1
sub-0002	0.041111111	1.96375	0.005	30000.0	1000	29164712	15	0.00901644441109684	412.42999625205994	1
sub-0002	0.0322222222	2.01625	0.005	30000.0	1000	29164702	5	0.0031338985238195107	409.9092049598694	1
sub-0002	0.041111111	2.02	0.005	30000.0	1000	29164713	16	0.006320057782490046	412.53504252433777	1
sub-0002	0.0366666666	1.93375	0.005	30000.0	1000	29164706	9	0.0015289099020026297	409.63202714920044	1
sub-0002	0.03	2.00125	0.005	30000.0	1000	29164699	2	0.0016182079960359666	411.30946588516235	1
sub-0002	0.0388888888	1.94875	0.005	30000.0	1000	29164709	12	0.00526740036352479	413.36247062683105	1
sub-0002	0.041111111	1.9075	0.005	30000.0	1000	29164711	14	0.004040313780598939	408.93686294555664	1
sub-0002	0.0322222222	1.90375	0.005	30000.0	1000	29164700	3	0.0002881158957658284	411.7027015686035	1
sub-0002	0.0388888888	2.005	0.005	30000.0	1000	29164710	13	0.007025987887643927	410.0445144176483	1
sub-0002	0.0322222222	1.96	0.005	30000.0	1000	29164701	4	0.0003659527932074829	413.08929920196533	1
sub-0002	0.03	1.945	0.005	30000.0	1000	29164698	1	0.00021626998829911003	411.62304520606995	1
sub-0002	0.0477777776	1.94875	0.005	30000.0	1000	29164720	23	nan	nan	4
sub-0002	0.0366666666	1.99375	0.005	30000.0	1000	29164707	10	0.007862309809162919	406.2952649593353	1
sub-0002	0.0499999998	1.91125	0.005	30000.0	1000	29164722	25	0.004564465491097045	413.3572177886963	1
sub-0002	0.0344444444	1.97875	0.005	30000.0	1000	29164704	7	0.0020540813449555074	408.6399447917938	1
sub-0002	0.0433333332	1.9225	0.005	30000.0	1000	29164714	17	0.005900540690414339	414.47943782806396	1
sub-0002	0.0322222222	2.02	0.005	30000.0	1000	29164702	5	0.0007525742791345861	408.8771288394928	1
sub-0002	0.041111111	1.9675	0.005	30000.0	1000	29164712	15	0.010914517617372619	414.9030568599701	1
sub-0002	0.041111111	2.02375	0.005	30000.0	1000	29164713	16	0.008215945953790714	416.07773208618164	1
sub-0002	0.0366666666	1.9375	0.005	30000.0	1000	29164706	9	0.0015095057180555625	409.41933012008667	1
sub-0002	0.0433333332	1.94875	0.005	30000.0	1000	29164715	18	0.006989977947861639	410.1825180053711	1
sub-0002	0.041111111	1.91125	0.005	30000.0	1000	29164711	14	0.003874656246590253	408.12835335731506	1
sub-0002	0.0388888888	2.00875	0.005	30000.0	1000	29164710	13	0.0064459023257142254	412.75628685951233	1
sub-0002	0.0322222222	1.9075	0.005	30000.0	1000	29164700	3	0.0002559493997844181	413.20901322364807	1
sub-0002	0.0388888888	1.9525	0.005	30000.0	1000	29164709	12	0.005378887710447756	414.89142417907715	1
sub-0002	0.0322222222	1.96375	0.005	30000.0	1000	29164701	4	0.0002795969619428409	411.2550344467163	1
sub-0002	0.03	2.005	0.005	30000.0	1000	29164699	2	0.002582313638933667	414.610107421875	1
sub-0002	0.03	1.94875	0.005	30000.0	1000	29164698	1	0.0002522773366374664	411.2262852191925	1
sub-0002	0.0322222222	2.02375	0.005	30000.0	1000	29164702	5	0.002991199038568214	410.01104855537415	1
sub-0002	0.0344444444	1.9825	0.005	30000.0	1000	29164704	7	0.001177068078700014	410.1160123348236	1
sub-0002	0.0366666666	1.9975	0.005	30000.0	1000	29164707	10	0.007736392948247404	412.8050425052643	1
sub-0002	0.0499999998	1.915	0.005	30000.0	1000	29164722	25	0.0046959128275176265	410.9720423221588	1
sub-0002	0.041111111	1.97125	0.005	30000.0	1000	29164712	15	0.006413334630714034	412.12809443473816	1
sub-0002	0.0433333332	1.92625	0.005	30000.0	1000	29164714	17	0.004516015539593691	412.4743549823761	1
sub-0002	0.041111111	2.0275	0.005	30000.0	1000	29164713	16	0.00701826628137901	412.5986285209656	1
sub-0002	0.0366666666	1.94125	0.005	30000.0	1000	29164706	9	0.0023367092802971385	404.23656392097473	1
sub-0002	0.0322222222	2.0425	0.005	30000.0	1000	29164703	6	0.0026693265025208896	407.7641570568085	1
sub-0002	0.0388888888	2.0125	0.005	30000.0	1000	29164710	13	0.0074128664568539875	410.31821727752686	1
sub-0002	0.041111111	1.915	0.005	30000.0	1000	29164711	14	0.004245694581443908	408.0232856273651	1
sub-0002	0.0322222222	1.9675	0.005	30000.0	1000	29164701	4	0.00041985407083225363	409.0238878726959	1
sub-0002	0.0322222222	1.91125	0.005	30000.0	1000	29164700	3	0.0002077939514783961	409.486389875412	1
sub-0002	0.0388888888	1.95625	0.005	30000.0	1000	29164709	12	0.006190622677587488	415.37145733833313	1
sub-0002	0.03	2.00875	0.005	30000.0	1000	29164699	2	0.0018106862921410869	412.02831840515137	1
sub-0002	0.03	1.9525	0.005	30000.0	1000	29164698	1	0.00026448940788569085	412.37487983703613	1
sub-0002	0.0499999998	1.91875	0.005	30000.0	1000	29164722	25	0.0069333314126157584	410.8108489513397	1
sub-0002	0.0433333332	1.93	0.005	30000.0	1000	29164714	17	0.005688088722363323	410.8285346031189	1
sub-0002	0.0322222222	2.04625	0.005	30000.0	1000	29164703	6	0.0017341210899385702	401.34905076026917	1
sub-0002	0.0433333332	1.9525	0.005	30000.0	1000	29164715	18	nan	nan	4
sub-0002	0.0344444444	2.02	0.005	30000.0	1000	29164705	8	0.002786516238170356	407.86429357528687	1
sub-0002	0.0322222222	2.05	0.005	30000.0	1000	29164703	6	0.002027968660782717	414.133309841156	1
sub-0002	0.0344444444	2.02375	0.005	30000.0	1000	29164705	8	0.003982006661598864	409.177618265152	1
sub-0002	0.0433333332	2.0275	0.005	30000.0	1000	29164716	19	0.007614902740656243	417.99221754074097	1
sub-0002	0.0344444444	1.9	0.005	30000.0	1000	29164703	6	0.00031403735912600804	402.2437083721161	1
sub-0002	0.0499999998	1.99375	0.005	30000.0	1000	29164724	27	0.004608758100667249	410.53491020202637	1
sub-0002	0.0344444444	2.0275	0.005	30000.0	1000	29164705	8	0.0038263583555601098	405.21695041656494	1
sub-0002	0.0344444444	1.90375	0.005	30000.0	1000	29164703	6	0.00041005986054706714	408.06451964378357	1
sub-0002	0.0499999998	1.9975	0.005	30000.0	1000	29164724	27	0.005424186174411105	408.7031874656677	1
sub-0002	0.0344444444	2.03125	0.005	30000.0	1000	29164705	8	0.0029541145807945794	403.7347114086151	1
sub-0002	0.0344444444	1.9075	0.005	30000.0	1000	29164703	6	0.0004385304669906572	403.97688269615173	1
sub-0002	0.0433333332	2.03125	0.005	30000.0	1000	29164716	19	nan	nan	4
sub-0002	0.0499999998	2.00125	0.005	30000.0	1000	29164724	27	0.0038788926134840987	409.17622804641724	1
sub-0002	0.0344444444	1.91125	0.005	30000.0	1000	29164703	6	0.0003264047785089844	402.62153005599976	1
sub-0002	0.0344444444	2.035	0.005	30000.0	1000	29164705	8	0.003776799910497782	403.52896904945374	1
sub-0002	0.0477777776	1.98625	0.005	30000.0	1000	29164721	24	0.005946868021260946	409.20174837112427	1
sub-0002	0.0499999998	2.005	0.005	30000.0	1000	29164724	27	0.005103836181154883	412.0550458431244	1
sub-0002	0.0344444444	1.915	0.005	30000.0	1000	29164703	6	0.00035921314914746493	402.99095368385315	1
sub-0002	0.0344444444	2.03875	0.005	30000.0	1000	29164705	8	0.005401889752902727	403.73358392715454	1
sub-0002	0.0477777776	1.99	0.005	30000.0	1000	29164721	24	0.007003436693007704	409.8599765300751	1
sub-0002	0.0499999998	2.00875	0.005	30000.0	1000	29164724	27	0.0034708610279073674	411.4463188648224	1
sub-0002	0.0344444444	1.91875	0.005	30000.0	1000	29164703	6	0.0004458792515336211	403.53779578208923	1
sub-0002	0.0477777776	1.99375	0.005	30000.0	1000	29164721	24	0.004621385159015168	409.30698347091675	1
sub-0002	0.0344444444	1.9225	0.005	30000.0	1000	29164703	6	0.00034401387053677694	403.22489523887634	1
sub-0002	0.0477777776	1.9975	0.005	30000.0	1000	29164721	24	0.0052791909104834495	408.79933047294617	1
sub-0002	0.0344444444	1.92625	0.005	30000.0	1000	29164703	6	0.0006881981117879413	402.0828323364258	1
sub-0002	0.0499999998	2.0125	0.005	30000.0	1000	29164724	27	nan	nan	4
sub-0002	0.0477777776	2.00125	0.005	30000.0	1000	29164721	24	0.0056385823846691885	408.93598651885986	1
sub-0002	0.0477777776	2.005	0.005	30000.0	1000	29164721	24	0.005644802847027416	408.1272211074829	1
sub-0002	0.0433333332	1.95625	0.005	30000.0	1000	29164715	18	0.007385345247634514	409.6623408794403	1
sub-0002	0.0477777776	2.00875	0.005	30000.0	1000	29164721	24	0.004984999534517663	408.2963716983795	1
sub-0002	0.0433333332	1.96	0.005	30000.0	1000	29164715	18	0.006934078225264634	410.85581493377686	1
sub-0002	0.0477777776	2.0125	0.005	30000.0	1000	29164721	24	0.004189144812231461	409.15130400657654	1
sub-0002	0.0366666666	2.0425	0.005	30000.0	1000	29164708	11	0.0027869396101286286	402.13717770576477	1
sub-0002	0.0433333332	1.96375	0.005	30000.0	1000	29164715	18	0.007236429912845144	408.95076274871826	1
sub-0002	0.0477777776	2.01625	0.005	30000.0	1000	29164721	24	0.005299671021176343	409.64928674697876	1
sub-0002	0.0366666666	2.04625	0.005	30000.0	1000	29164708	11	0.003170763936155956	398.55243945121765	1
sub-0002	0.0499999998	1.94125	0.005	30000.0	1000	29164723	26	0.0043861532058931	408.98288559913635	1
sub-0002	0.0433333332	1.9675	0.005	30000.0	1000	29164715	18	0.007964511191672723	408.7268831729889	1
sub-0002	0.0366666666	2.05	0.005	30000.0	1000	29164708	11	0.003359335532740214	408.52521276474	1
sub-0002	0.0499999998	1.945	0.005	30000.0	1000	29164723	26	0.00473073260251177	409.8936297893524	1
sub-0002	0.0433333332	2.035	0.005	30000.0	1000	29164716	19	0.005800879069352825	415.6322329044342	1
sub-0002	0.0433333332	1.97125	0.005	30000.0	1000	29164715	18	0.008693944197556381	410.1399075984955	1
sub-0002	0.0388888888	1.9	0.005	30000.0	1000	29164708	11	0.0016883334636005666	398.8618576526642	1
sub-0002	0.0499999998	1.94875	0.005	30000.0	1000	29164723	26	0.003939988377645319	410.67394042015076	1
sub-0002	0.0433333332	2.03875	0.005	30000.0	1000	29164716	19	0.005822751482751343	415.05005168914795	1
sub-0002	0.0433333332	1.975	0.005	30000.0	1000	29164715	18	0.009321670339438296	410.13728427886963	1
sub-0002	0.0455555554	1.9825	0.005	30000.0	1000	29164718	21	0.0069094127179359505	413.8277704715729	1
sub-0002	0.0499999998	1.9525	0.005	30000.0	1000	29164723	26	0.004569304902392515	408.2576422691345	1
sub-0002	0.0433333332	2.0425	0.005	30000.0	1000	29164716	19	0.004443031782595847	416.703560590744	1
sub-0002	0.0455555554	2.0425	0.005	30000.0	1000	29164719	22	0.0036251810513525445	409.2889494895935	1
sub-0002	0.0477777776	1.9525	0.005	30000.0	1000	29164720	23	0.005813404705672333	407.74762320518494	1
sub-0002	0.0455555554	1.91875	0.005	30000.0	1000	29164717	20	0.005458943680945742	407.2162232398987	1
sub-0002	0.0433333332	1.97875	0.005	30000.0	1000	29164715	18	0.009165391742261695	410.3698978424072	1
sub-0002	0.0499999998	2.01625	0.005	30000.0	1000	29164724	27	0.0038055686085310247	408.4720950126648	1
sub-0002	0.0455555554	1.98625	0.005	30000.0	1000	29164718	21	0.007530644374295995	406.00632548332214	1
sub-0002	0.0499999998	1.95625	0.005	30000.0	1000	29164723	26	0.004471037138849948	408.4559893608093	1
sub-0002	0.0455555554	2.04625	0.005	30000.0	1000	29164719	22	0.005734850147954238	407.8005156517029	1
sub-0002	0.0477777776	1.95625	0.005	30000.0	1000	29164720	23	0.0062056644245644796	407.4263207912445	1
sub-0002	0.0455555554	1.9225	0.005	30000.0	1000	29164717	20	0.006087125280058714	411.3661780357361	1
sub-0002	0.0433333332	1.9825	0.005	30000.0	1000	29164715	18	0.0070956277015601825	408.50422072410583	1
sub-0002	0.0499999998	2.02	0.005	30000.0	1000	29164724	27	0.003681254889598649	410.1077370643616	1
sub-0002	0.0455555554	1.99	0.005	30000.0	1000	29164718	21	0.008157958957258397	403.43255972862244	1
sub-0002	0.0499999998	1.96	0.005	30000.0	1000	29164723	26	0.004740887896452749	408.2170624732971	1
sub-0002	0.0477777776	1.96	0.005	30000.0	1000	29164720	23	0.005762285669443925	408.3810176849365	1
sub-0002	0.0455555554	1.92625	0.005	30000.0	1000	29164717	20	0.004983801690086274	408.2763307094574	1
sub-0002	0.0455555554	2.05	0.005	30000.0	1000	29164719	22	nan	432.25459265708923	1
sub-0002	0.0499999998	2.02375	0.005	30000.0	1000	29164724	27	0.0050417527661853955	408.53870844841003	1
sub-0002	0.0433333332	1.98625	0.005	30000.0	1000	29164715	18	0.005899159617575588	409.34826493263245	1
sub-0002	0.0455555554	1.99375	0.005	30000.0	1000	29164718	21	0.006718404586142674	409.61715865135193	1
sub-0002	0.0499999998	1.96375	0.005	30000.0	1000	29164723	26	0.005696622787067524	409.1217873096466	1
sub-0002	0.0455555554	1.93	0.005	30000.0	1000	29164717	20	0.007161481268601298	408.6988296508789	1
sub-0002	0.0477777776	1.9	0.005	30000.0	1000	29164719	22	0.004266415504991101	408.0739052295685	1
sub-0002	0.0499999998	2.0275	0.005	30000.0	1000	29164724	27	0.00406530858648111	408.2240195274353	1
sub-0002	0.0455555554	1.9975	0.005	30000.0	1000	29164718	21	nan	419.6862246990204	1
sub-0002	0.0499999998	1.9675	0.005	30000.0	1000	29164723	26	0.00385068647112213	410.4397747516632	1
sub-0002	0.0455555554	1.93375	0.005	30000.0	1000	29164717	20	0.005054740972686691	404.1013481616974	1
sub-0002	0.0477777776	1.90375	0.005	30000.0	1000	29164719	22	0.0035977933556256853	407.74306893348694	1
sub-0002	0.0499999998	2.03125	0.005	30000.0	1000	29164724	27	nan	433.3870425224304	1
sub-0002	0.0455555554	2.00125	0.005	30000.0	1000	29164718	21	0.007111149017275732	406.97275280952454	1
sub-0002	0.0499999998	1.97125	0.005	30000.0	1000	29164723	26	0.00449450352118586	407.8628866672516	1
sub-0002	0.0455555554	1.9375	0.005	30000.0	1000	29164717	20	0.007725993898239901	405.6522169113159	1
sub-0002	0.0499999998	1.975	0.005	30000.0	1000	29164723	26	0.0044921344992798155	408.031476020813	1
sub-0002	0.0455555554	1.94125	0.005	30000.0	1000	29164717	20	0.006758738008285712	403.9408836364746	1
sub-0002	0.0455555554	1.945	0.005	30000.0	1000	29164717	20	0.00494426992533359	403.1580333709717	1
