sub-0001	0.0455555554	1.94875	0.005	300000.0	200	29162440	21	nan	nan	4
sub-0001	0.03	1.95625	0.005	300000.0	200	29162421	2	nan	nan	4
sub-0001	0.0388888888	1.90375	0.005	300000.0	200	29162431	12	nan	nan	4
sub-0001	0.0477777776	2.02	0.005	300000.0	200	29162444	25	nan	nan	4
sub-0001	0.0455555554	2.005	0.005	300000.0	200	29162441	22	nan	nan	4
sub-0001	0.0322222222	1.915	0.005	300000.0	200	29162423	4	nan	nan	4
sub-0001	0.0433333332	1.93375	0.005	300000.0	200	29162437	18	nan	nan	4
sub-0001	0.0477777776	1.96375	0.005	300000.0	200	29162443	24	nan	nan	4
sub-0001	0.0433333332	2.04625	0.005	300000.0	200	29162439	20	nan	nan	4
sub-0001	0.03	2.0125	0.005	300000.0	200	29162422	3	nan	nan	4
sub-0001	0.041111111	1.91875	0.005	300000.0	200	29162434	15	nan	nan	4
sub-0001	0.0477777776	1.9075	0.005	300000.0	200	29162442	23	nan	nan	4
sub-0001	0.0433333332	1.99	0.005	300000.0	200	29162438	19	nan	nan	4
sub-0001	0.03	1.9	0.005	300000.0	200	29162420	1	nan	nan	4
sub-0001	0.041111111	1.975	0.005	300000.0	200	29162435	16	nan	nan	4
sub-0001	0.0499999998	1.97875	0.005	300000.0	200	29162446	27	nan	nan	4
sub-0001	0.0322222222	2.0275	0.005	300000.0	200	29162425	6	nan	nan	4
sub-0001	0.0388888888	2.01625	0.005	300000.0	200	29162433	14	nan	nan	4
sub-0001	0.0499999998	1.9225	0.005	300000.0	200	29162445	26	nan	nan	4
sub-0001	0.0322222222	1.97125	0.005	300000.0	200	29162424	5	nan	nan	4
sub-0001	0.041111111	2.03125	0.005	300000.0	200	29162436	17	nan	nan	4
sub-0001	0.0499999998	2.035	0.005	300000.0	200	29162404	28	nan	nan	4
sub-0001	0.0344444444	1.93	0.005	300000.0	200	29162426	7	nan	nan	4
sub-0001	0.0344444444	1.98625	0.005	300000.0	200	29162427	8	nan	nan	4
sub-0001	0.0366666666	1.945	0.005	300000.0	200	29162429	10	nan	nan	4
sub-0001	0.0388888888	1.96	0.005	300000.0	200	29162432	13	nan	nan	4
sub-0001	0.0344444444	2.0425	0.005	300000.0	200	29162428	9	nan	nan	4
sub-0001	0.0366666666	2.00125	0.005	300000.0	200	29162430	11	nan	nan	4
sub-0001	0.0499999998	2.035	0.005	30000.0	1000	29164007	28	0.0032578868258537376	404.14768743515015	1
sub-0001	0.0433333332	1.99	0.005	30000.0	1000	29164097	19	0.007688126624648238	407.9544026851654	1
sub-0001	0.0344444444	1.98625	0.005	30000.0	1000	29164086	8	0.0004895703883365123	409.39484214782715	1
sub-0001	0.0433333332	1.93375	0.005	30000.0	1000	29164096	18	0.004763464174944918	409.8274323940277	1
sub-0001	0.0455555554	2.005	0.005	30000.0	1000	29164100	22	0.011037872221350014	411.315185546875	1
sub-0001	0.0344444444	1.93	0.005	30000.0	1000	29164085	7	0.0003660144565795054	411.8189654350281	1
sub-0001	0.0477777776	2.02	0.005	30000.0	1000	29164103	25	0.006901838020845132	412.11446738243103	1
sub-0001	0.03	1.95625	0.005	30000.0	1000	29164080	2	0.0002042166336047088	412.3543667793274	1
sub-0001	0.0477777776	1.9075	0.005	30000.0	1000	29164101	23	0.004336421129927011	412.35014176368713	1
sub-0001	0.0322222222	1.915	0.005	30000.0	1000	29164082	4	0.00018916445131019624	412.30934286117554	1
sub-0001	0.0433333332	2.04625	0.005	30000.0	1000	29164098	20	0.00861139100682196	412.56017327308655	1
sub-0001	0.03	2.0125	0.005	30000.0	1000	29164081	3	0.00039458456078045285	412.13121581077576	1
sub-0001	0.0499999998	1.9225	0.005	30000.0	1000	29164104	26	0.0034152341282603477	413.1147484779358	1
sub-0001	0.0322222222	1.97125	0.005	30000.0	1000	29164083	5	0.0002533326281471339	413.1455638408661	1
sub-0001	0.0366666666	2.00125	0.005	30000.0	1000	29164089	11	0.0036389959522207414	413.2162160873413	1
sub-0001	0.0477777776	1.96375	0.005	30000.0	1000	29164102	24	0.008585639698161687	413.31125688552856	1
sub-0001	0.0455555554	1.94875	0.005	30000.0	1000	29164099	21	0.005715603661365036	413.46988797187805	1
sub-0001	0.0499999998	1.97875	0.005	30000.0	1000	29164105	27	0.004944904561232643	413.92453145980835	1
sub-0001	0.041111111	2.03125	0.005	30000.0	1000	29164095	17	0.007495126342880198	414.34400963783264	1
sub-0001	0.0388888888	2.01625	0.005	30000.0	1000	29164092	14	0.009806709860685499	414.7066719532013	1
sub-0001	0.041111111	1.91875	0.005	30000.0	1000	29164093	15	0.0017998652286406785	414.78362798690796	1
sub-0001	0.041111111	1.975	0.005	30000.0	1000	29164094	16	0.008495207371134234	414.73471570014954	1
sub-0001	0.0322222222	2.0275	0.005	30000.0	1000	29164084	6	0.0004543368314578487	415.7781620025635	1
sub-0001	0.0388888888	1.96	0.005	30000.0	1000	29164091	13	0.004575670030879595	417.6555802822113	1
sub-0001	0.03	1.9	0.005	30000.0	1000	29164079	1	0.00015867050213349	418.04298067092896	1
sub-0001	0.0388888888	1.90375	0.005	30000.0	1000	29164090	12	0.0008754290171006615	420.9950747489929	1
sub-0001	0.0366666666	1.945	0.005	30000.0	1000	29164088	10	0.0008383762773216056	436.1898989677429	1
sub-0001	0.0344444444	2.0425	0.005	30000.0	1000	29164087	9	0.005464340636295053	411.4164559841156	1
sub-0001	0.0322222222	1.97125	0.005	30000.0	1000	29164675	5	0.0002533326281471339	409.109246969223	1
sub-0001	0.041111111	2.03125	0.005	30000.0	1000	29164687	17	0.007495126342880198	408.7867531776428	1
sub-0001	0.03	1.95625	0.005	30000.0	1000	29164672	2	0.0002042166336047088	409.56372261047363	1
sub-0001	0.03	2.0125	0.005	30000.0	1000	29164673	3	0.00039458456078045285	409.6642105579376	1
sub-0001	0.0366666666	2.00125	0.005	30000.0	1000	29164681	11	0.0036389959522207414	409.8944818973541	1
sub-0001	0.03	1.9	0.005	30000.0	1000	29164671	1	0.00015867050213349	409.9170379638672	1
sub-0001	0.0344444444	1.93	0.005	30000.0	1000	29164677	7	0.0003660144565795054	410.12405943870544	1
sub-0001	0.0477777776	1.96375	0.005	30000.0	1000	29164694	24	0.008585639698161687	410.58345246315	1
sub-0001	0.0455555554	2.005	0.005	30000.0	1000	29164692	22	0.011037872221350014	410.69245314598083	1
sub-0001	0.0322222222	2.0275	0.005	30000.0	1000	29164676	6	0.0004543368314578487	411.61132621765137	1
sub-0001	0.0477777776	2.02	0.005	30000.0	1000	29164695	25	0.006901838020845132	411.7328464984894	1
sub-0001	0.0499999998	2.035	0.005	30000.0	1000	29164657	28	0.0032578868258537376	411.8978679180145	1
sub-0001	0.0388888888	2.01625	0.005	30000.0	1000	29164684	14	0.009806709860685499	411.69873332977295	1
sub-0001	0.0433333332	1.93375	0.005	30000.0	1000	29164688	18	0.004763464174944918	407.7929036617279	1
sub-0001	0.0455555554	1.94875	0.005	30000.0	1000	29164691	21	0.005715603661365036	412.1028871536255	1
sub-0001	0.041111111	1.91875	0.005	30000.0	1000	29164685	15	0.0017998652286406785	412.010418176651	1
sub-0001	0.0366666666	1.945	0.005	30000.0	1000	29164680	10	0.0008383762773216056	409.726035118103	1
sub-0001	0.041111111	1.975	0.005	30000.0	1000	29164686	16	0.008495207371134234	410.98215889930725	1
sub-0001	0.0499999998	1.9225	0.005	30000.0	1000	29164696	26	0.0034152341282603477	412.6970067024231	1
sub-0001	0.0499999998	1.97875	0.005	30000.0	1000	29164697	27	0.004944904561232643	412.58733892440796	1
sub-0001	0.0433333332	1.99	0.005	30000.0	1000	29164689	19	0.007688126624648238	411.4798367023468	1
sub-0001	0.0477777776	1.9075	0.005	30000.0	1000	29164693	23	0.004336421129927011	411.6722424030304	1
sub-0001	0.0388888888	1.96	0.005	30000.0	1000	29164683	13	0.004575670030879595	412.5816478729248	1
sub-0001	0.0322222222	1.915	0.005	30000.0	1000	29164674	4	0.00018916445131019624	412.71124839782715	1
sub-0001	0.0433333332	2.04625	0.005	30000.0	1000	29164690	20	0.00861139100682196	413.94951915740967	1
sub-0001	0.0388888888	1.90375	0.005	30000.0	1000	29164682	12	0.0008754290171006615	416.30999636650085	1
sub-0001	0.0344444444	2.0425	0.005	30000.0	1000	29164679	9	0.005464340636295053	433.52521443367004	1
sub-0001	0.0344444444	1.98625	0.005	30000.0	1000	29164678	8	0.0004895703883365123	413.72291827201843	1
sub-0001	0.0433333332	1.9375	0.005	30000.0	1000	29164688	18	0.004755214510299338	410.7127320766449	1
sub-0001	0.041111111	2.035	0.005	30000.0	1000	29164687	17	0.008453548723534078	411.7576787471771	1
sub-0001	0.0344444444	1.93375	0.005	30000.0	1000	29164677	7	0.0003860808901447237	412.3182611465454	1
sub-0001	0.0322222222	1.975	0.005	30000.0	1000	29164675	5	0.00018958897242757146	412.7129805088043	1
sub-0001	0.0322222222	1.91875	0.005	30000.0	1000	29164674	4	0.00020354312066236537	413.10567927360535	1
sub-0001	0.03	1.90375	0.005	30000.0	1000	29164671	1	0.00016231890922322552	413.38691544532776	1
sub-0001	0.03	1.96	0.005	30000.0	1000	29164672	2	0.00019376743616347815	413.58171129226685	1
sub-0001	0.0322222222	2.03125	0.005	30000.0	1000	29164676	6	0.0017552011077472806	414.2544093132019	1
sub-0001	0.0477777776	2.02375	0.005	30000.0	1000	29164695	25	0.006251225881929046	415.80131816864014	1
sub-0001	0.0455555554	2.00875	0.005	30000.0	1000	29164692	22	0.00648978008978684	415.7940716743469	1
sub-0001	0.0477777776	1.9675	0.005	30000.0	1000	29164694	24	0.00522754344760395	416.2227420806885	1
sub-0001	0.0455555554	1.9525	0.005	30000.0	1000	29164691	21	0.005503101513654142	416.67776679992676	1
sub-0001	0.0499999998	2.03875	0.005	30000.0	1000	29164657	28	0.006026125839144769	417.1525044441223	1
sub-0001	0.0366666666	2.005	0.005	30000.0	1000	29164681	11	0.0031230956829178657	417.3602559566498	1
sub-0001	0.0433333332	1.99375	0.005	30000.0	1000	29164689	19	0.009111257194123612	417.0586488246918	1
sub-0001	0.0366666666	1.94875	0.005	30000.0	1000	29164680	10	0.0011746324611026876	418.2412121295929	1
sub-0001	0.0477777776	1.91125	0.005	30000.0	1000	29164693	23	0.005117720317747677	417.8655285835266	1
sub-0001	0.0499999998	1.92625	0.005	30000.0	1000	29164696	26	0.0044474196636926575	418.59725189208984	1
sub-0001	0.0499999998	1.9825	0.005	30000.0	1000	29164697	27	0.00492363508197847	419.0680875778198	1
sub-0001	0.03	2.01625	0.005	30000.0	1000	29164673	3	0.00036590190539559554	419.2322733402252	1
sub-0001	0.0433333332	2.05	0.005	30000.0	1000	29164690	20	0.008216652360688574	419.33301520347595	1
sub-0001	0.041111111	1.97875	0.005	30000.0	1000	29164686	16	0.007478833243358321	419.3479654788971	1
sub-0001	0.041111111	1.9225	0.005	30000.0	1000	29164685	15	0.0028883204919319502	419.31310296058655	1
sub-0001	0.0388888888	1.96375	0.005	30000.0	1000	29164683	13	0.0020712670172335665	420.4037401676178	1
sub-0001	0.0388888888	1.9075	0.005	30000.0	1000	29164682	12	0.0013770335252214492	424.0530126094818	1
sub-0001	0.0344444444	1.99	0.005	30000.0	1000	29164678	8	0.00081967651915411	413.26008772850037	1
sub-0001	0.0344444444	2.04625	0.005	30000.0	1000	29164679	9	0.004822188486144894	427.5713007450104	1
sub-0001	0.0388888888	2.02	0.005	30000.0	1000	29164684	14	nan	458.08628034591675	1
sub-0001	0.0433333332	1.94125	0.005	30000.0	1000	29164688	18	0.0036678228479946474	408.90269660949707	1
sub-0001	0.041111111	2.03875	0.005	30000.0	1000	29164687	17	0.00909898952817578	408.8260831832886	1
sub-0001	0.0344444444	1.9375	0.005	30000.0	1000	29164677	7	0.00038009320356818636	408.8105652332306	1
sub-0001	0.0322222222	1.97875	0.005	30000.0	1000	29164675	5	0.0004275158940453	409.36261320114136	1
sub-0001	0.03	1.9075	0.005	30000.0	1000	29164671	1	0.00015919246938696083	409.4166371822357	1
sub-0001	0.0322222222	1.9225	0.005	30000.0	1000	29164674	4	0.00020701404709874967	409.87153720855713	1
sub-0001	0.0477777776	1.97125	0.005	30000.0	1000	29164694	24	0.005392966813845415	408.06309604644775	1
sub-0001	0.0433333332	1.9975	0.005	30000.0	1000	29164689	19	0.007347666836449267	408.424054145813	1
sub-0001	0.03	1.96375	0.005	30000.0	1000	29164672	2	0.0001940011865613979	410.9591748714447	1
sub-0001	0.0455555554	2.0125	0.005	30000.0	1000	29164692	22	0.007446948343926027	408.78504371643066	1
sub-0001	0.0499999998	1.93	0.005	30000.0	1000	29164696	26	0.0035452721706881254	409.4419960975647	1
sub-0001	0.0366666666	2.00875	0.005	30000.0	1000	29164681	11	0.004283187439297774	409.7968475818634	1
sub-0001	0.0455555554	1.95625	0.005	30000.0	1000	29164691	21	0.005320467853379461	409.83760237693787	1
sub-0001	0.0366666666	1.9525	0.005	30000.0	1000	29164680	10	0.0012513998755315115	409.7840073108673	1
sub-0001	0.0499999998	1.98625	0.005	30000.0	1000	29164697	27	0.004094337623696951	410.36840176582336	1
sub-0001	0.0477777776	2.0275	0.005	30000.0	1000	29164695	25	0.005779284023554952	411.306437253952	1
sub-0001	0.0322222222	2.035	0.005	30000.0	1000	29164676	6	0.0008326655668123684	413.7948637008667	1
sub-0001	0.0477777776	1.915	0.005	30000.0	1000	29164693	23	0.003722967701168435	411.5976138114929	1
sub-0001	0.0455555554	1.9	0.005	30000.0	1000	29164690	20	0.004074662280870122	410.0157446861267	1
sub-0001	0.03	2.02	0.005	30000.0	1000	29164673	3	0.00025445238375170013	410.710764169693	1
sub-0001	0.041111111	1.9825	0.005	30000.0	1000	29164686	16	0.008150234889554022	412.88069319725037	1
sub-0001	0.041111111	1.92625	0.005	30000.0	1000	29164685	15	0.0034796929280709343	412.47459292411804	1
sub-0001	0.0388888888	1.9675	0.005	30000.0	1000	29164683	13	0.0040583775546530875	412.53775453567505	1
sub-0001	0.0344444444	1.99375	0.005	30000.0	1000	29164678	8	0.0007503707953891947	409.5788543224335	1
sub-0001	0.0388888888	1.91125	0.005	30000.0	1000	29164682	12	0.00147936580270456	418.3107228279114	1
sub-0001	0.0499999998	2.0425	0.005	30000.0	1000	29164657	28	nan	435.7136788368225	1
sub-0001	0.0388888888	2.02375	0.005	30000.0	1000	29164684	14	0.010997957743326412	410.9711968898773	1
sub-0001	0.0344444444	2.05	0.005	30000.0	1000	29164679	9	0.003107248332591064	466.82545828819275	1
sub-0001	0.041111111	2.0425	0.005	30000.0	1000	29164687	17	0.009818764500593432	407.8076286315918	1
sub-0001	0.0433333332	1.945	0.005	30000.0	1000	29164688	18	0.005096565463533045	408.46717405319214	1
sub-0001	0.0344444444	1.94125	0.005	30000.0	1000	29164677	7	0.00045536613959938323	408.4308681488037	1
sub-0001	0.0477777776	1.975	0.005	30000.0	1000	29164694	24	0.007418489117339063	407.4931182861328	1
sub-0001	0.0477777776	2.03125	0.005	30000.0	1000	29164695	25	0.006354633808150018	407.32218074798584	1
sub-0001	0.03	1.91125	0.005	30000.0	1000	29164671	1	0.00016152806116871067	408.9117796421051	1
sub-0001	0.0433333332	2.00125	0.005	30000.0	1000	29164689	19	0.006467668474067933	408.44185996055603	1
sub-0001	0.0455555554	1.96	0.005	30000.0	1000	29164691	21	0.007933810382889	408.517539024353	1
sub-0001	0.0499999998	1.93375	0.005	30000.0	1000	29164696	26	0.00481489224916909	408.7335829734802	1
sub-0001	0.0322222222	1.9825	0.005	30000.0	1000	29164675	5	0.00023242560759343962	409.41823387145996	1
sub-0001	0.0322222222	1.92625	0.005	30000.0	1000	29164674	4	0.00021916003000886525	409.6060926914215	1
sub-0001	0.0477777776	1.91875	0.005	30000.0	1000	29164693	23	0.004905299646946635	408.72803711891174	1
sub-0001	0.03	1.9675	0.005	30000.0	1000	29164672	2	0.00017651758654129348	409.91617369651794	1
sub-0001	0.0455555554	1.90375	0.005	30000.0	1000	29164690	20	0.004149010877944369	409.2842826843262	1
sub-0001	0.0499999998	1.99	0.005	30000.0	1000	29164697	27	0.0045964102877742476	410.11649918556213	1
sub-0001	0.0455555554	2.01625	0.005	30000.0	1000	29164692	22	0.00834672317377627	411.8250877857208	1
sub-0001	0.03	2.02375	0.005	30000.0	1000	29164673	3	0.0004786504383176976	409.8945515155792	1
sub-0001	0.0322222222	2.03875	0.005	30000.0	1000	29164676	6	0.0007088348551024626	411.3416497707367	1
sub-0001	0.0366666666	1.95625	0.005	30000.0	1000	29164680	10	0.0013063289613116926	409.15333580970764	1
sub-0001	0.0366666666	2.0125	0.005	30000.0	1000	29164681	11	0.0050648115139757515	412.1580259799957	1
sub-0001	0.041111111	1.98625	0.005	30000.0	1000	29164686	16	0.007290456037320874	411.69111800193787	1
sub-0001	0.041111111	1.93	0.005	30000.0	1000	29164685	15	0.0017456469770836878	412.7355303764343	1
sub-0001	0.0388888888	1.97125	0.005	30000.0	1000	29164683	13	0.0031614765736769296	412.33065271377563	1
sub-0001	0.0344444444	1.9975	0.005	30000.0	1000	29164678	8	0.0005261084941010142	413.66165804862976	1
sub-0001	0.0388888888	1.915	0.005	30000.0	1000	29164682	12	0.0011805038308281023	422.5632424354553	1
sub-0001	0.0388888888	2.0275	0.005	30000.0	1000	29164684	14	0.007457230593051616	415.1713352203369	1
sub-0001	0.0366666666	1.9	0.005	30000.0	1000	29164679	9	0.0005583101094995347	402.20942521095276	1
sub-0001	0.0433333332	1.94875	0.005	30000.0	1000	29164688	18	0.005064534023453075	408.4595112800598	1
sub-0001	0.0433333332	2.005	0.005	30000.0	1000	29164689	19	0.009998413393588581	408.50831627845764	1
sub-0001	0.0477777776	1.97875	0.005	30000.0	1000	29164694	24	0.00507805063490037	408.595018863678	1
sub-0001	0.0499999998	1.9375	0.005	30000.0	1000	29164696	26	0.003547686561321941	408.71034145355225	1
sub-0001	0.0477777776	2.035	0.005	30000.0	1000	29164695	25	0.005532806060136987	408.80173540115356	1
sub-0001	0.0455555554	1.96375	0.005	30000.0	1000	29164691	21	0.006568137251919213	409.22170209884644	1
sub-0001	0.0477777776	1.9225	0.005	30000.0	1000	29164693	23	0.004406618145825596	409.26271867752075	1
sub-0001	0.041111111	2.04625	0.005	30000.0	1000	29164687	17	0.007580527160173603	409.34337282180786	1
sub-0001	0.0455555554	1.9075	0.005	30000.0	1000	29164690	20	0.003946885630318057	409.54062700271606	1
sub-0001	0.0344444444	1.945	0.005	30000.0	1000	29164677	7	0.0004226639061902988	410.8511092662811	1
sub-0001	0.0455555554	2.02	0.005	30000.0	1000	29164692	22	0.0065704396340878195	409.3031802177429	1
sub-0001	0.03	1.97125	0.005	30000.0	1000	29164672	2	0.00021798440138540728	409.70662355422974	1
sub-0001	0.0499999998	1.99375	0.005	30000.0	1000	29164697	27	0.0032025283812464975	410.85227727890015	1
sub-0001	0.0322222222	1.93	0.005	30000.0	1000	29164674	4	0.0002086779911092673	410.70852065086365	1
sub-0001	0.03	1.915	0.005	30000.0	1000	29164671	1	0.00016425503340617326	412.0506868362427	1
sub-0001	0.0322222222	1.98625	0.005	30000.0	1000	29164675	5	0.00027132051784294325	413.6735484600067	1
sub-0001	0.0322222222	2.0425	0.005	30000.0	1000	29164676	6	0.0004610679481710641	412.3175792694092	1
sub-0001	0.03	2.0275	0.005	30000.0	1000	29164673	3	0.0003031487615842425	412.5118932723999	1
sub-0001	0.0366666666	1.96	0.005	30000.0	1000	29164680	10	0.001117175739756476	412.00925517082214	1
sub-0001	0.0366666666	2.01625	0.005	30000.0	1000	29164681	11	0.00701517183721633	412.2542061805725	1
sub-0001	0.041111111	1.99	0.005	30000.0	1000	29164686	16	0.011283778657697857	415.1213970184326	1
sub-0001	0.0388888888	1.975	0.005	30000.0	1000	29164683	13	0.004069834471612391	413.1399347782135	1
sub-0001	0.041111111	1.93375	0.005	30000.0	1000	29164685	15	0.00317987755798893	414.45497584342957	1
sub-0001	0.0344444444	2.00125	0.005	30000.0	1000	29164678	8	0.0014680860058912508	410.06320118904114	1
sub-0001	0.0388888888	1.91875	0.005	30000.0	1000	29164682	12	0.0022026487778596423	418.6477460861206	1
sub-0001	0.0388888888	2.03125	0.005	30000.0	1000	29164684	14	0.007270364324262787	414.18241357803345	1
sub-0001	0.0366666666	1.90375	0.005	30000.0	1000	29164679	9	0.0004868508717492144	401.53688526153564	1
sub-0001	0.0499999998	2.04625	0.005	30000.0	1000	29164657	28	nan	nan	4
sub-0001	0.0433333332	1.9525	0.005	30000.0	1000	29164688	18	0.004959770097983302	408.6313726902008	1
sub-0001	0.0344444444	1.94875	0.005	30000.0	1000	29164677	7	0.0003996414613695554	408.73817682266235	1
sub-0001	0.0433333332	2.00875	0.005	30000.0	1000	29164689	19	0.009909693860453837	411.946772813797	1
sub-0001	0.0455555554	2.02375	0.005	30000.0	1000	29164692	22	0.008683271304578558	412.14175057411194	1
sub-0001	0.041111111	2.05	0.005	30000.0	1000	29164687	17	0.00898767306315166	412.313925743103	1
sub-0001	0.0477777776	2.03875	0.005	30000.0	1000	29164695	25	0.004399514651574041	412.31082582473755	1
sub-0001	0.0499999998	1.94125	0.005	30000.0	1000	29164696	26	0.0035455768942680103	412.70629501342773	1
sub-0001	0.0477777776	1.92625	0.005	30000.0	1000	29164693	23	0.004720914266219146	412.7681164741516	1
sub-0001	0.0455555554	1.9675	0.005	30000.0	1000	29164691	21	0.006485126495517832	412.7732539176941	1
sub-0001	0.03	1.91875	0.005	30000.0	1000	29164671	1	0.0001720199331236604	411.4872028827667	1
sub-0001	0.0455555554	1.91125	0.005	30000.0	1000	29164690	20	0.004374748778913848	413.49667382240295	1
sub-0001	0.0477777776	1.9825	0.005	30000.0	1000	29164694	24	0.0048273854891205835	413.68708634376526	1
sub-0001	0.0499999998	1.9975	0.005	30000.0	1000	29164697	27	0.004790976754806778	413.69067764282227	1
sub-0001	0.0322222222	1.93375	0.005	30000.0	1000	29164674	4	0.00020103524036768996	412.7364957332611	1
sub-0001	0.03	2.03125	0.005	30000.0	1000	29164673	3	0.0008614253715622252	411.3423652648926	1
sub-0001	0.03	1.975	0.005	30000.0	1000	29164672	2	0.00023922734447332834	414.4251780509949	1
sub-0001	0.0322222222	2.04625	0.005	30000.0	1000	29164676	6	0.0006803207448569545	413.6852958202362	1
sub-0001	0.0322222222	1.99	0.005	30000.0	1000	29164675	5	0.00024907701792180754	416.6686432361603	1
sub-0001	0.0366666666	1.96375	0.005	30000.0	1000	29164680	10	0.0013927461328447205	411.7255172729492	1
sub-0001	0.0366666666	2.02	0.005	30000.0	1000	29164681	11	0.0076154223982420124	412.64750266075134	1
sub-0001	0.041111111	1.99375	0.005	30000.0	1000	29164686	16	0.008871824677069585	414.16217970848083	1
sub-0001	0.041111111	1.9375	0.005	30000.0	1000	29164685	15	0.0032261391869331537	414.1199655532837	1
sub-0001	0.0388888888	1.97875	0.005	30000.0	1000	29164683	13	0.004913084304397456	414.784059047699	1
sub-0001	0.0388888888	1.9225	0.005	30000.0	1000	29164682	12	0.0009136856042705876	420.35824966430664	1
sub-0001	0.0344444444	2.005	0.005	30000.0	1000	29164678	8	0.0008265404054167523	420.1748526096344	1
sub-0001	0.0388888888	2.035	0.005	30000.0	1000	29164684	14	0.008146710223893825	415.58516359329224	1
sub-0001	0.0366666666	1.9075	0.005	30000.0	1000	29164679	9	0.00039472553781023337	401.6400372982025	1
sub-0001	0.0433333332	1.9	0.005	30000.0	1000	29164687	17	0.0019029648885655593	410.6504249572754	1
sub-0001	0.0344444444	1.9525	0.005	30000.0	1000	29164677	7	0.00045411224160374087	411.9812536239624	1
sub-0001	0.03	1.97875	0.005	30000.0	1000	29164672	2	0.00020046909248984802	411.9860806465149	1
sub-0001	0.0433333332	1.95625	0.005	30000.0	1000	29164688	18	0.007256923509332133	412.196772813797	1
sub-0001	0.03	2.035	0.005	30000.0	1000	29164673	3	0.0018042576525911002	412.9689054489136	1
sub-0001	0.0322222222	1.9375	0.005	30000.0	1000	29164674	4	0.00020641799514767339	413.29802918434143	1
sub-0001	0.0433333332	2.0125	0.005	30000.0	1000	29164689	19	0.006641923074508203	414.0349552631378	1
sub-0001	0.0477777776	1.98625	0.005	30000.0	1000	29164694	24	0.007091247471092105	414.09311270713806	1
sub-0001	0.0322222222	1.99375	0.005	30000.0	1000	29164675	5	0.0003779771156467636	413.09524631500244	1
sub-0001	0.0455555554	2.0275	0.005	30000.0	1000	29164692	22	0.007567666712434327	414.1556739807129	1
sub-0001	0.0499999998	1.945	0.005	30000.0	1000	29164696	26	0.004175826491739138	414.57094502449036	1
sub-0001	0.0477777776	2.0425	0.005	30000.0	1000	29164695	25	0.006240828119745514	414.58742785453796	1
sub-0001	0.0455555554	1.97125	0.005	30000.0	1000	29164691	21	0.007121080482167758	414.8187024593353	1
sub-0001	0.0499999998	2.00125	0.005	30000.0	1000	29164697	27	0.003644869019951758	415.36161494255066	1
sub-0001	0.03	1.9225	0.005	30000.0	1000	29164671	1	0.00016906200935557826	415.035275220871	1
sub-0001	0.0477777776	1.93	0.005	30000.0	1000	29164693	23	0.00453048497513388	415.6508276462555	1
sub-0001	0.0322222222	2.05	0.005	30000.0	1000	29164676	6	0.0038120129401059224	414.5627233982086	1
sub-0001	0.0455555554	1.915	0.005	30000.0	1000	29164690	20	0.003909708896834908	415.76995515823364	1
sub-0001	0.0366666666	2.02375	0.005	30000.0	1000	29164681	11	0.007226127119491458	412.02966117858887	1
sub-0001	0.041111111	1.94125	0.005	30000.0	1000	29164685	15	0.0048316009994108	413.459171295166	1
sub-0001	0.0388888888	1.9825	0.005	30000.0	1000	29164683	13	0.005420886175080415	413.7019877433777	1
sub-0001	0.0366666666	1.9675	0.005	30000.0	1000	29164680	10	0.0008978355753479661	413.91930866241455	1
sub-0001	0.041111111	1.9975	0.005	30000.0	1000	29164686	16	0.00835350581005007	416.41046619415283	1
sub-0001	0.0344444444	2.00875	0.005	30000.0	1000	29164678	8	0.0014600110437497909	414.65206384658813	1
sub-0001	0.0388888888	1.92625	0.005	30000.0	1000	29164682	12	0.001278067150710416	421.3233256340027	1
sub-0001	0.0388888888	2.03875	0.005	30000.0	1000	29164684	14	0.00797856229330493	417.1424779891968	1
sub-0001	0.0366666666	1.91125	0.005	30000.0	1000	29164679	9	0.0008025382111222124	403.3656804561615	1
sub-0001	0.0433333332	1.90375	0.005	30000.0	1000	29164687	17	0.0035599859985174015	409.8817958831787	1
sub-0001	0.0433333332	1.96	0.005	30000.0	1000	29164688	18	0.007210249693447737	410.86336946487427	1
sub-0001	0.0344444444	1.95625	0.005	30000.0	1000	29164677	7	0.0004909651799605763	411.1933424472809	1
sub-0001	0.03	1.92625	0.005	30000.0	1000	29164671	1	0.0001739171619108888	411.9049892425537	1
sub-0001	0.0322222222	1.9975	0.005	30000.0	1000	29164675	5	0.0002410907922753834	411.96401929855347	1
sub-0001	0.03	2.03875	0.005	30000.0	1000	29164673	3	0.003990285168485161	412.2382962703705	1
sub-0001	0.03	1.9825	0.005	30000.0	1000	29164672	2	0.0001975823182561038	412.5959503650665	1
sub-0001	0.0322222222	1.94125	0.005	30000.0	1000	29164674	4	0.00020392828971077696	412.78311491012573	1
sub-0001	0.0344444444	1.9	0.005	30000.0	1000	29164676	6	0.00039436265036870766	413.9317400455475	1
sub-0001	0.0366666666	1.97125	0.005	30000.0	1000	29164680	10	0.001276562050604917	412.44383096694946	1
sub-0001	0.0477777776	2.04625	0.005	30000.0	1000	29164695	25	0.004479856816894801	413.83731293678284	1
sub-0001	0.0366666666	2.0275	0.005	30000.0	1000	29164681	11	0.006188640146360754	412.72926926612854	1
sub-0001	0.0455555554	1.91875	0.005	30000.0	1000	29164690	20	0.003793460582832941	414.3750743865967	1
sub-0001	0.0499999998	1.94875	0.005	30000.0	1000	29164696	26	0.004670437966082159	414.5234751701355	1
sub-0001	0.0455555554	2.03125	0.005	30000.0	1000	29164692	22	0.008139632785963793	414.5500349998474	1
sub-0001	0.0433333332	2.01625	0.005	30000.0	1000	29164689	19	0.006635633410312508	415.112012386322	1
sub-0001	0.041111111	2.00125	0.005	30000.0	1000	29164686	16	0.007756429066143226	414.9371511936188	1
sub-0001	0.0477777776	1.93375	0.005	30000.0	1000	29164693	23	0.006361550442539408	415.2381556034088	1
sub-0001	0.0455555554	1.975	0.005	30000.0	1000	29164691	21	0.00850274287644505	415.5856785774231	1
sub-0001	0.0499999998	2.005	0.005	30000.0	1000	29164697	27	0.0061363221085855525	416.1388638019562	1
sub-0001	0.041111111	1.945	0.005	30000.0	1000	29164685	15	0.0035382532646463355	416.25876927375793	1
sub-0001	0.0477777776	1.99	0.005	30000.0	1000	29164694	24	0.0052153283325797346	416.3266317844391	1
sub-0001	0.0388888888	1.98625	0.005	30000.0	1000	29164683	13	0.005925635175593215	417.52938866615295	1
sub-0001	0.0499999998	2.05	0.005	30000.0	1000	29164657	28	nan	nan	4
sub-0001	0.0344444444	2.0125	0.005	30000.0	1000	29164678	8	0.0008357442929520623	411.72654366493225	1
sub-0001	0.0366666666	1.915	0.005	30000.0	1000	29164679	9	0.0006725122429398663	403.79091215133667	1
sub-0001	0.0388888888	2.0425	0.005	30000.0	1000	29164684	14	0.005774470494718851	414.7580990791321	1
sub-0001	0.0388888888	1.93	0.005	30000.0	1000	29164682	12	0.0020662725175466033	419.21063017845154	1
sub-0001	0.0433333332	1.96375	0.005	30000.0	1000	29164688	18	0.006185106802607125	410.91609287261963	1
sub-0001	0.0433333332	1.9075	0.005	30000.0	1000	29164687	17	0.002980639561840819	411.07317328453064	1
sub-0001	0.0322222222	2.00125	0.005	30000.0	1000	29164675	5	0.000347317201986374	411.6509687900543	1
sub-0001	0.03	1.98625	0.005	30000.0	1000	29164672	2	0.0002563858229866536	412.09904050827026	1
sub-0001	0.0322222222	1.945	0.005	30000.0	1000	29164674	4	0.00024632033120174513	412.2048680782318	1
sub-0001	0.0344444444	1.96	0.005	30000.0	1000	29164677	7	0.00046371727295414956	412.85945987701416	1
sub-0001	0.0344444444	1.90375	0.005	30000.0	1000	29164676	6	0.00029711722794669175	414.42924070358276	1
sub-0001	0.0366666666	2.03125	0.005	30000.0	1000	29164681	11	0.006990469244546332	412.12073945999146	1
sub-0001	0.0366666666	1.975	0.005	30000.0	1000	29164680	10	0.0030896931673850933	414.1141436100006	1
sub-0001	0.041111111	2.005	0.005	30000.0	1000	29164686	16	0.007558811092050251	414.67964458465576	1
sub-0001	0.041111111	1.94875	0.005	30000.0	1000	29164685	15	0.004323157629507735	415.51293992996216	1
sub-0001	0.0388888888	1.99	0.005	30000.0	1000	29164683	13	0.005231429099645801	415.62134623527527	1
sub-0001	0.0433333332	2.02	0.005	30000.0	1000	29164689	19	0.007988916371091918	416.85822343826294	1
sub-0001	0.0477777776	1.99375	0.005	30000.0	1000	29164694	24	0.004979430926958788	416.93063402175903	1
sub-0001	0.0455555554	2.035	0.005	30000.0	1000	29164692	22	0.0055665439296256015	416.95558762550354	1
sub-0001	0.0455555554	1.97875	0.005	30000.0	1000	29164691	21	0.005764269196382754	416.93015217781067	1
sub-0001	0.0455555554	1.9225	0.005	30000.0	1000	29164690	20	0.0037412837063026724	418.1675605773926	1
sub-0001	0.0499999998	2.00875	0.005	30000.0	1000	29164697	27	0.0037839529879642496	418.54852294921875	1
sub-0001	0.0499999998	1.9525	0.005	30000.0	1000	29164696	26	0.004641968429045976	419.02668023109436	1
sub-0001	0.0477777776	1.9375	0.005	30000.0	1000	29164693	23	0.004882230110801092	419.81370997428894	1
sub-0001	0.0366666666	1.91875	0.005	30000.0	1000	29164679	9	0.0005703116928089866	401.9156172275543	1
sub-0001	0.0388888888	2.04625	0.005	30000.0	1000	29164684	14	0.0062092213557197115	414.6721603870392	1
sub-0001	0.0344444444	2.01625	0.005	30000.0	1000	29164678	8	0.00127468958247751	413.02187514305115	1
sub-0001	0.03	1.93	0.005	30000.0	1000	29164671	1	0.00016660986018724908	411.5987334251404	1
sub-0001	0.03	2.0425	0.005	30000.0	1000	29164673	3	0.0018238129234774052	413.66506791114807	1
sub-0001	0.0388888888	1.93375	0.005	30000.0	1000	29164682	12	0.0031839519745632495	418.7119073867798	1
sub-0001	0.0433333332	1.91125	0.005	30000.0	1000	29164687	17	0.0026799461868633988	410.93719458580017	1
sub-0001	0.0433333332	1.9675	0.005	30000.0	1000	29164688	18	0.005527679915757677	411.3431520462036	1
sub-0001	0.0322222222	1.94875	0.005	30000.0	1000	29164674	4	0.00023218946472482676	411.4098997116089	1
sub-0001	0.0344444444	1.96375	0.005	30000.0	1000	29164677	7	0.0004455476021566862	411.487407207489	1
sub-0001	0.0322222222	2.005	0.005	30000.0	1000	29164675	5	0.0005906530542431013	411.4825041294098	1
sub-0001	0.03	1.99	0.005	30000.0	1000	29164672	2	0.0003019168861289453	412.4818615913391	1
sub-0001	0.0344444444	1.9075	0.005	30000.0	1000	29164676	6	0.00034112862352124224	413.0974795818329	1
sub-0001	0.0366666666	1.97875	0.005	30000.0	1000	29164680	10	0.0031838468940467027	412.9995927810669	1
sub-0001	0.0366666666	2.035	0.005	30000.0	1000	29164681	11	0.007346156828896223	413.4502718448639	1
sub-0001	0.041111111	1.9525	0.005	30000.0	1000	29164685	15	0.0048204443930072146	414.22987627983093	1
sub-0001	0.041111111	2.00875	0.005	30000.0	1000	29164686	16	0.00785040393994298	414.9044442176819	1
sub-0001	0.0388888888	1.99375	0.005	30000.0	1000	29164683	13	0.00541773996720008	414.75480246543884	1
sub-0001	0.0499999998	1.95625	0.005	30000.0	1000	29164696	26	0.005253407539152671	412.00555300712585	1
sub-0001	0.0433333332	2.02375	0.005	30000.0	1000	29164689	19	0.010687773191213383	412.4114763736725	1
sub-0001	0.0477777776	1.94125	0.005	30000.0	1000	29164693	23	0.005841941429848049	412.6933796405792	1
sub-0001	0.0455555554	2.03875	0.005	30000.0	1000	29164692	22	0.007183424339510388	413.19006085395813	1
sub-0001	0.0455555554	1.9825	0.005	30000.0	1000	29164691	21	0.007019776390281045	413.33062195777893	1
sub-0001	0.0477777776	1.9975	0.005	30000.0	1000	29164694	24	0.006040624303858417	413.4835042953491	1
sub-0001	0.0455555554	1.92625	0.005	30000.0	1000	29164690	20	0.004206177771733848	413.54152178764343	1
sub-0001	0.0499999998	2.0125	0.005	30000.0	1000	29164697	27	0.005021040630908471	413.8293607234955	1
sub-0001	0.0366666666	1.9225	0.005	30000.0	1000	29164679	9	0.0008666386414909696	406.0335052013397	1
sub-0001	0.0344444444	2.02	0.005	30000.0	1000	29164678	8	0.004641842371500483	411.12367963790894	1
sub-0001	0.03	1.93375	0.005	30000.0	1000	29164671	1	0.000174218896322826	412.6969974040985	1
sub-0001	0.03	2.04625	0.005	30000.0	1000	29164673	3	0.001831912142606956	414.3438513278961	1
sub-0001	0.0388888888	1.9375	0.005	30000.0	1000	29164682	12	0.0015550455526012795	416.3169460296631	1
sub-0001	0.0477777776	2.05	0.005	30000.0	1000	29164695	25	nan	nan	4
sub-0001	0.0433333332	1.915	0.005	30000.0	1000	29164687	17	0.0022807025363944197	410.0148103237152	1
sub-0001	0.0433333332	1.97125	0.005	30000.0	1000	29164688	18	0.005019112182967064	410.52466797828674	1
sub-0001	0.0322222222	2.00875	0.005	30000.0	1000	29164675	5	0.0005172563681461185	411.5326874256134	1
sub-0001	0.0322222222	1.9525	0.005	30000.0	1000	29164674	4	0.00023770393136849348	412.30576276779175	1
sub-0001	0.03	1.99375	0.005	30000.0	1000	29164672	2	0.0002353583691252152	412.1104943752289	1
sub-0001	0.0344444444	1.9675	0.005	30000.0	1000	29164677	7	0.0004783580185271341	412.3343815803528	1
sub-0001	0.0344444444	1.91125	0.005	30000.0	1000	29164676	6	0.00036018554770362015	414.51453924179077	1
sub-0001	0.0366666666	1.9825	0.005	30000.0	1000	29164680	10	0.0014946307371161297	413.3123097419739	1
sub-0001	0.0388888888	1.9975	0.005	30000.0	1000	29164683	13	0.005215759687341693	415.5195860862732	1
sub-0001	0.041111111	1.95625	0.005	30000.0	1000	29164685	15	0.005681006106233485	415.5325267314911	1
sub-0001	0.0366666666	2.03875	0.005	30000.0	1000	29164681	11	0.00873658951430786	416.705438375473	1
sub-0001	0.041111111	2.0125	0.005	30000.0	1000	29164686	16	0.008795232683022293	418.0080101490021	1
sub-0001	0.0455555554	2.0425	0.005	30000.0	1000	29164692	22	0.004958431191869524	414.6951746940613	1
sub-0001	0.0477777776	2.00125	0.005	30000.0	1000	29164694	24	0.004756569452733921	414.7677924633026	1
sub-0001	0.0433333332	2.0275	0.005	30000.0	1000	29164689	19	0.011709327991687703	414.89149737358093	1
sub-0001	0.0477777776	1.945	0.005	30000.0	1000	29164693	23	0.0054214533034095255	415.0830385684967	1
sub-0001	0.0455555554	1.98625	0.005	30000.0	1000	29164691	21	0.011807102555735787	415.4921386241913	1
sub-0001	0.0499999998	1.96	0.005	30000.0	1000	29164696	26	0.004326411170404168	415.9343829154968	1
sub-0001	0.0499999998	2.01625	0.005	30000.0	1000	29164697	27	0.0037910453032689462	416.4785006046295	1
sub-0001	0.0455555554	1.93	0.005	30000.0	1000	29164690	20	0.005422675764421366	417.54827094078064	1
sub-0001	0.0366666666	1.92625	0.005	30000.0	1000	29164679	9	0.0006344890831013329	402.72828555107117	1
sub-0001	0.03	1.9375	0.005	30000.0	1000	29164671	1	0.00017424913341047613	412.30852937698364	1
sub-0001	0.03	2.05	0.005	30000.0	1000	29164673	3	0.0037791252384059143	415.06765961647034	1
sub-0001	0.0344444444	2.02375	0.005	30000.0	1000	29164678	8	0.004128552270477131	413.32081604003906	1
sub-0001	0.0388888888	1.94125	0.005	30000.0	1000	29164682	12	0.002678214330186891	416.2152900695801	1
sub-0001	0.0388888888	2.05	0.005	30000.0	1000	29164684	14	nan	nan	4
sub-0001	0.0433333332	1.975	0.005	30000.0	1000	29164688	18	0.007661275848910491	411.51016330718994	1
sub-0001	0.0433333332	1.91875	0.005	30000.0	1000	29164687	17	0.0037372843751059437	411.27741050720215	1
sub-0001	0.0322222222	2.0125	0.005	30000.0	1000	29164675	5	0.00033944638354619223	411.4908916950226	1
sub-0001	0.0344444444	1.97125	0.005	30000.0	1000	29164677	7	0.000690198222457505	412.7385308742523	1
sub-0001	0.0366666666	1.98625	0.005	30000.0	1000	29164680	10	0.0021908538173331343	413.74693036079407	1
sub-0001	0.0366666666	1.93	0.005	30000.0	1000	29164679	9	0.0009168076055044887	402.76532196998596	1
sub-0001	0.0455555554	2.04625	0.005	30000.0	1000	29164692	22	0.005761600079347086	416.14360642433167	1
sub-0001	0.0344444444	2.0275	0.005	30000.0	1000	29164678	8	0.0021225879798035204	418.44542264938354	1
sub-0001	0.03	1.9975	0.005	30000.0	1000	29164672	2	0.00026796420031610445	409.7808289527893	1
sub-0001	0.0344444444	1.915	0.005	30000.0	1000	29164676	6	0.0003284584388298994	415.3233861923218	1
sub-0001	0.0499999998	1.96375	0.005	30000.0	1000	29164696	26	0.005579801330718331	417.0254108905792	1
sub-0001	0.041111111	2.01625	0.005	30000.0	1000	29164686	16	0.008559278721411006	415.0996220111847	1
sub-0001	0.0322222222	1.95625	0.005	30000.0	1000	29164674	4	0.00022452295232299117	413.21211409568787	1
sub-0001	0.0433333332	2.03125	0.005	30000.0	1000	29164689	19	0.007085119294985623	417.11595273017883	1
sub-0001	0.0388888888	2.00125	0.005	30000.0	1000	29164683	13	0.006331399093174012	417.01150250434875	1
sub-0001	0.03	1.94125	0.005	30000.0	1000	29164671	1	0.00017558427082898167	412.1864380836487	1
sub-0001	0.0477777776	2.005	0.005	30000.0	1000	29164694	24	0.00442697985176377	417.1730716228485	1
sub-0001	0.041111111	1.96	0.005	30000.0	1000	29164685	15	0.004493448604708169	417.1636772155762	1
sub-0001	0.0322222222	1.9	0.005	30000.0	1000	29164673	3	0.00022542281809955476	412.2028772830963	1
sub-0001	0.0499999998	2.02	0.005	30000.0	1000	29164697	27	0.00506456291593468	417.75397300720215	1
sub-0001	0.0366666666	2.0425	0.005	30000.0	1000	29164681	11	0.009557105057669017	412.6703927516937	1
sub-0001	0.0455555554	1.99	0.005	30000.0	1000	29164691	21	0.008642594603455442	418.3353683948517	1
sub-0001	0.0388888888	1.945	0.005	30000.0	1000	29164682	12	0.0018717854730061823	417.58032965660095	1
sub-0001	0.0477777776	1.94875	0.005	30000.0	1000	29164693	23	0.008269096281567934	419.2095901966095	1
sub-0001	0.0455555554	1.93375	0.005	30000.0	1000	29164690	20	0.004196176544974891	418.9555823802948	1
sub-0001	0.0433333332	1.9225	0.005	30000.0	1000	29164687	17	0.003763664546893673	409.2203948497772	1
sub-0001	0.0433333332	1.97875	0.005	30000.0	1000	29164688	18	0.007346461997892537	411.2348880767822	1
sub-0001	0.0366666666	1.93375	0.005	30000.0	1000	29164679	9	0.00039942322472081	401.22970151901245	1
sub-0001	0.0455555554	1.99375	0.005	30000.0	1000	29164691	21	0.005494944237199087	411.59550976753235	1
sub-0001	0.03	1.945	0.005	30000.0	1000	29164671	1	0.00017884611779696706	411.29359436035156	1
sub-0001	0.0366666666	2.04625	0.005	30000.0	1000	29164681	11	0.007815235932255199	411.54775404930115	1
sub-0001	0.0344444444	1.975	0.005	30000.0	1000	29164677	7	0.0006320481209930033	411.6392455101013	1
sub-0001	0.0344444444	2.03125	0.005	30000.0	1000	29164678	8	0.0030181559407289164	413.81406259536743	1
sub-0001	0.0477777776	2.00875	0.005	30000.0	1000	29164694	24	0.004799143910878764	412.9853484630585	1
sub-0001	0.0322222222	2.01625	0.005	30000.0	1000	29164675	5	0.000385784582813442	411.7960271835327	1
sub-0001	0.041111111	2.02	0.005	30000.0	1000	29164686	16	0.010158489400272513	412.06488275527954	1
sub-0001	0.0344444444	1.91875	0.005	30000.0	1000	29164676	6	0.0003463391055602315	413.96535062789917	1
sub-0001	0.0455555554	2.05	0.005	30000.0	1000	29164692	22	0.0066619256578230035	412.6328227519989	1
sub-0001	0.0322222222	1.90375	0.005	30000.0	1000	29164673	3	0.00020253093671937183	412.1248073577881	1
sub-0001	0.041111111	1.96375	0.005	30000.0	1000	29164685	15	0.006162135785526293	412.0792236328125	1
sub-0001	0.0433333332	2.035	0.005	30000.0	1000	29164689	19	0.005784223195806645	412.0187568664551	1
sub-0001	0.0322222222	1.96	0.005	30000.0	1000	29164674	4	0.00019637944920207552	412.2091178894043	1
sub-0001	0.0388888888	2.005	0.005	30000.0	1000	29164683	13	0.010030009446736817	412.22082471847534	1
sub-0001	0.0455555554	1.9375	0.005	30000.0	1000	29164690	20	0.004789631341040308	414.3956706523895	1
sub-0001	0.03	2.00125	0.005	30000.0	1000	29164672	2	0.00021005893883190865	411.6214578151703	1
sub-0001	0.0366666666	1.99	0.005	30000.0	1000	29164680	10	0.0025084501019588573	413.3368272781372	1
sub-0001	0.0499999998	1.9675	0.005	30000.0	1000	29164696	26	0.003906765436093567	412.7598831653595	1
sub-0001	0.0388888888	1.94875	0.005	30000.0	1000	29164682	12	0.003157065471345248	416.4492835998535	1
sub-0001	0.0477777776	1.9525	0.005	30000.0	1000	29164693	23	0.006596070826618981	411.74616599082947	1
sub-0001	0.0499999998	2.02375	0.005	30000.0	1000	29164697	27	0.0049179535081874575	414.08105397224426	1
sub-0001	0.0433333332	1.92625	0.005	30000.0	1000	29164687	17	0.003914949690985942	410.6573576927185	1
sub-0001	0.0433333332	1.9825	0.005	30000.0	1000	29164688	18	0.0072213742933973195	411.2770621776581	1
sub-0001	0.0366666666	1.9375	0.005	30000.0	1000	29164679	9	0.0006138189899620308	401.5452220439911	1
sub-0001	0.0477777776	1.9	0.005	30000.0	1000	29164692	22	0.0032224903464386986	411.47462010383606	1
sub-0001	0.0433333332	2.03875	0.005	30000.0	1000	29164689	19	0.007010712139262007	413.03169536590576	1
sub-0001	0.0455555554	1.9975	0.005	30000.0	1000	29164691	21	0.008454082201427467	414.09741854667664	1
sub-0001	0.0344444444	1.97875	0.005	30000.0	1000	29164677	7	0.000648597959952364	411.76876521110535	1
sub-0001	0.0455555554	1.94125	0.005	30000.0	1000	29164690	20	0.004095253378910538	414.59980964660645	1
sub-0001	0.0322222222	2.02	0.005	30000.0	1000	29164675	5	0.00036501345299123537	412.1678423881531	1
sub-0001	0.0366666666	2.05	0.005	30000.0	1000	29164681	11	0.009098558536507493	413.3173305988312	1
sub-0001	0.0344444444	2.035	0.005	30000.0	1000	29164678	8	0.005983007419118218	416.0179224014282	1
sub-0001	0.0344444444	1.9225	0.005	30000.0	1000	29164676	6	0.0002660919457038706	413.43003249168396	1
sub-0001	0.0499999998	2.0275	0.005	30000.0	1000	29164697	27	0.004629264650726673	411.18861079216003	1
sub-0001	0.03	2.005	0.005	30000.0	1000	29164672	2	0.00023789441163010942	412.49556589126587	1
sub-0001	0.0366666666	1.99375	0.005	30000.0	1000	29164680	10	0.0032550377015129997	413.9067003726959	1
sub-0001	0.0477777776	1.95625	0.005	30000.0	1000	29164693	23	0.005055718549862948	411.40448331832886	1
sub-0001	0.03	1.94875	0.005	30000.0	1000	29164671	1	0.0001728242174713103	412.854373216629	1
sub-0001	0.041111111	2.02375	0.005	30000.0	1000	29164686	16	0.006121988527101243	414.1730754375458	1
sub-0001	0.0322222222	1.96375	0.005	30000.0	1000	29164674	4	0.0002517821636599009	413.0400230884552	1
sub-0001	0.0388888888	2.00875	0.005	30000.0	1000	29164683	13	0.007066537737179528	414.7733190059662	1
sub-0001	0.0322222222	1.9075	0.005	30000.0	1000	29164673	3	0.0001937578972273042	415.29491662979126	1
sub-0001	0.041111111	1.9675	0.005	30000.0	1000	29164685	15	0.006208756612582372	415.2014796733856	1
sub-0001	0.0477777776	2.0125	0.005	30000.0	1000	29164694	24	0.0054722354559640606	411.5958893299103	1
sub-0001	0.0388888888	1.9525	0.005	30000.0	1000	29164682	12	0.002655634594613896	420.0231373310089	1
sub-0001	0.0433333332	1.98625	0.005	30000.0	1000	29164688	18	0.008673642228889368	410.10632514953613	1
sub-0001	0.0433333332	1.93	0.005	30000.0	1000	29164687	17	0.004858075293857735	410.49844098091125	1
sub-0001	0.0366666666	1.94125	0.005	30000.0	1000	29164679	9	0.0009707643006699988	404.8264813423157	1
sub-0001	0.0477777776	1.90375	0.005	30000.0	1000	29164692	22	0.0029261722514378375	409.5296137332916	1
sub-0001	0.0455555554	2.00125	0.005	30000.0	1000	29164691	21	0.007301020221336932	409.9385361671448	1
sub-0001	0.0433333332	2.0425	0.005	30000.0	1000	29164689	19	0.013317628821458333	410.77060890197754	1
sub-0001	0.0477777776	1.96	0.005	30000.0	1000	29164693	23	0.006190814781574686	411.8956849575043	1
sub-0001	0.0455555554	1.945	0.005	30000.0	1000	29164690	20	0.005351070679722176	412.45481300354004	1
sub-0001	0.0477777776	2.01625	0.005	30000.0	1000	29164694	24	0.005114314635782958	413.6096637248993	1
sub-0001	0.0344444444	1.9825	0.005	30000.0	1000	29164677	7	0.0006022121072632506	413.33558320999146	1
sub-0001	0.0322222222	1.9675	0.005	30000.0	1000	29164674	4	0.0002656281513227488	414.35605096817017	1
sub-0001	0.0366666666	1.9975	0.005	30000.0	1000	29164680	10	0.0024591392933773736	415.94528007507324	1
sub-0001	0.0344444444	2.03875	0.005	30000.0	1000	29164678	8	0.003441892855650179	415.9183180332184	1
sub-0001	0.03	1.9525	0.005	30000.0	1000	29164671	1	0.00017976031354556215	415.61113119125366	1
sub-0001	0.0388888888	1.9	0.005	30000.0	1000	29164681	11	0.0007241058189692107	416.51036834716797	1
sub-0001	0.0344444444	1.92625	0.005	30000.0	1000	29164676	6	0.00042016904738068425	417.0306968688965	1
sub-0001	0.03	2.00875	0.005	30000.0	1000	29164672	2	0.00023754705866280116	416.15477871894836	1
sub-0001	0.041111111	2.0275	0.005	30000.0	1000	29164686	16	0.00720775566432401	417.876916885376	1
sub-0001	0.0322222222	2.02375	0.005	30000.0	1000	29164675	5	0.0006527094945451336	416.51294326782227	1
sub-0001	0.041111111	1.97125	0.005	30000.0	1000	29164685	15	0.005937585859172623	418.10111951828003	1
sub-0001	0.0322222222	1.91125	0.005	30000.0	1000	29164673	3	0.00019081506858465978	414.5542504787445	1
sub-0001	0.0388888888	2.0125	0.005	30000.0	1000	29164683	13	0.006545393055036637	421.5966761112213	1
sub-0001	0.0388888888	1.95625	0.005	30000.0	1000	29164682	12	0.0030047090797165905	423.84448075294495	1
sub-0001	0.041111111	1.9	0.005	30000.0	1000	29164684	14	0.0019959586197472864	410.910032749176	1
sub-0001	0.0499999998	1.97125	0.005	30000.0	1000	29164696	26	nan	nan	4
sub-0001	0.041111111	1.90375	0.005	30000.0	1000	29164684	14	0.0019307243064047687	420.4064636230469	1
sub-0001	0.0499999998	2.03125	0.005	30000.0	1000	29164697	27	nan	nan	4
sub-0001	0.041111111	1.9075	0.005	30000.0	1000	29164684	14	0.0018704184324363983	411.1437153816223	1
sub-0001	0.0499999998	1.9	0.005	30000.0	1000	29164695	25	0.0033136762551444826	411.7738838195801	1
sub-0001	0.0499999998	1.90375	0.005	30000.0	1000	29164695	25	0.0027611662688587137	409.18173837661743	1
sub-0001	0.041111111	1.91125	0.005	30000.0	1000	29164684	14	0.003137051064247105	414.40960788726807	1
sub-0001	0.0499999998	1.9075	0.005	30000.0	1000	29164695	25	0.0032987659507391106	409.4575238227844	1
sub-0001	0.0499999998	1.91125	0.005	30000.0	1000	29164695	25	0.0044894033023295905	410.70320773124695	1
sub-0001	0.041111111	1.915	0.005	30000.0	1000	29164684	14	0.003115097027470899	410.66747212409973	1
sub-0001	0.0499999998	1.915	0.005	30000.0	1000	29164695	25	0.003607799048887064	408.3286888599396	1
sub-0001	0.0499999998	1.91875	0.005	30000.0	1000	29164695	25	0.003944761918000055	411.9556682109833	1
sub-0001	0.0499999998	1.975	0.005	30000.0	1000	29164696	26	nan	429.4881751537323	1
