.0300000000 1.9000000000 0.005 3e4
.0300000000 1.9037500000 0.005 3e4
.0300000000 1.9075000000 0.005 3e4
.0300000000 1.9112500000 0.005 3e4
.0300000000 1.9150000000 0.005 3e4
.0300000000 1.9187500000 0.005 3e4
.0300000000 1.9225000000 0.005 3e4
.0300000000 1.9262500000 0.005 3e4
.0300000000 1.9300000000 0.005 3e4
.0300000000 1.9337500000 0.005 3e4
.0300000000 1.9375000000 0.005 3e4
.0300000000 1.9412500000 0.005 3e4
.0300000000 1.9450000000 0.005 3e4
.0300000000 1.9487500000 0.005 3e4
.0300000000 1.9525000000 0.005 3e4
.0300000000 1.9562500000 0.005 3e4
.0300000000 1.9600000000 0.005 3e4
.0300000000 1.9637500000 0.005 3e4
.0300000000 1.9675000000 0.005 3e4
.0300000000 1.9712500000 0.005 3e4
.0300000000 1.9750000000 0.005 3e4
.0300000000 1.9787500000 0.005 3e4
.0300000000 1.9825000000 0.005 3e4
.0300000000 1.9862500000 0.005 3e4
.0300000000 1.9900000000 0.005 3e4
.0300000000 1.9937500000 0.005 3e4
.0300000000 1.9975000000 0.005 3e4
.0300000000 2.0012500000 0.005 3e4
.0300000000 2.0050000000 0.005 3e4
.0300000000 2.0087500000 0.005 3e4
.0300000000 2.0125000000 0.005 3e4
.0300000000 2.0162500000 0.005 3e4
.0300000000 2.0200000000 0.005 3e4
.0300000000 2.0237500000 0.005 3e4
.0300000000 2.0275000000 0.005 3e4
.0300000000 2.0312500000 0.005 3e4
.0300000000 2.0350000000 0.005 3e4
.0300000000 2.0387500000 0.005 3e4
.0300000000 2.0425000000 0.005 3e4
.0300000000 2.0462500000 0.005 3e4
.0300000000 2.0500000000 0.005 3e4
.0322222222 1.9000000000 0.005 3e4
.0322222222 1.9037500000 0.005 3e4
.0322222222 1.9075000000 0.005 3e4
.0322222222 1.9112500000 0.005 3e4
.0322222222 1.9150000000 0.005 3e4
.0322222222 1.9187500000 0.005 3e4
.0322222222 1.9225000000 0.005 3e4
.0322222222 1.9262500000 0.005 3e4
.0322222222 1.9300000000 0.005 3e4
.0322222222 1.9337500000 0.005 3e4
.0322222222 1.9375000000 0.005 3e4
.0322222222 1.9412500000 0.005 3e4
.0322222222 1.9450000000 0.005 3e4
.0322222222 1.9487500000 0.005 3e4
.0322222222 1.9525000000 0.005 3e4
.0322222222 1.9562500000 0.005 3e4
.0322222222 1.9600000000 0.005 3e4
.0322222222 1.9637500000 0.005 3e4
.0322222222 1.9675000000 0.005 3e4
.0322222222 1.9712500000 0.005 3e4
.0322222222 1.9750000000 0.005 3e4
.0322222222 1.9787500000 0.005 3e4
.0322222222 1.9825000000 0.005 3e4
.0322222222 1.9862500000 0.005 3e4
.0322222222 1.9900000000 0.005 3e4
.0322222222 1.9937500000 0.005 3e4
.0322222222 1.9975000000 0.005 3e4
.0322222222 2.0012500000 0.005 3e4
.0322222222 2.0050000000 0.005 3e4
.0322222222 2.0087500000 0.005 3e4
.0322222222 2.0125000000 0.005 3e4
.0322222222 2.0162500000 0.005 3e4
.0322222222 2.0200000000 0.005 3e4
.0322222222 2.0237500000 0.005 3e4
.0322222222 2.0275000000 0.005 3e4
.0322222222 2.0312500000 0.005 3e4
.0322222222 2.0350000000 0.005 3e4
.0322222222 2.0387500000 0.005 3e4
.0322222222 2.0425000000 0.005 3e4
.0322222222 2.0462500000 0.005 3e4
.0322222222 2.0500000000 0.005 3e4
.0344444444 1.9000000000 0.005 3e4
.0344444444 1.9037500000 0.005 3e4
.0344444444 1.9075000000 0.005 3e4
.0344444444 1.9112500000 0.005 3e4
.0344444444 1.9150000000 0.005 3e4
.0344444444 1.9187500000 0.005 3e4
.0344444444 1.9225000000 0.005 3e4
.0344444444 1.9262500000 0.005 3e4
.0344444444 1.9300000000 0.005 3e4
.0344444444 1.9337500000 0.005 3e4
.0344444444 1.9375000000 0.005 3e4
.0344444444 1.9412500000 0.005 3e4
.0344444444 1.9450000000 0.005 3e4
.0344444444 1.9487500000 0.005 3e4
.0344444444 1.9525000000 0.005 3e4
.0344444444 1.9562500000 0.005 3e4
.0344444444 1.9600000000 0.005 3e4
.0344444444 1.9637500000 0.005 3e4
.0344444444 1.9675000000 0.005 3e4
.0344444444 1.9712500000 0.005 3e4
.0344444444 1.9750000000 0.005 3e4
.0344444444 1.9787500000 0.005 3e4
.0344444444 1.9825000000 0.005 3e4
.0344444444 1.9862500000 0.005 3e4
.0344444444 1.9900000000 0.005 3e4
.0344444444 1.9937500000 0.005 3e4
.0344444444 1.9975000000 0.005 3e4
.0344444444 2.0012500000 0.005 3e4
.0344444444 2.0050000000 0.005 3e4
.0344444444 2.0087500000 0.005 3e4
.0344444444 2.0125000000 0.005 3e4
.0344444444 2.0162500000 0.005 3e4
.0344444444 2.0200000000 0.005 3e4
.0344444444 2.0237500000 0.005 3e4
.0344444444 2.0275000000 0.005 3e4
.0344444444 2.0312500000 0.005 3e4
.0344444444 2.0350000000 0.005 3e4
.0344444444 2.0387500000 0.005 3e4
.0344444444 2.0425000000 0.005 3e4
.0344444444 2.0462500000 0.005 3e4
.0344444444 2.0500000000 0.005 3e4
.0366666666 1.9000000000 0.005 3e4
.0366666666 1.9037500000 0.005 3e4
.0366666666 1.9075000000 0.005 3e4
.0366666666 1.9112500000 0.005 3e4
.0366666666 1.9150000000 0.005 3e4
.0366666666 1.9187500000 0.005 3e4
.0366666666 1.9225000000 0.005 3e4
.0366666666 1.9262500000 0.005 3e4
.0366666666 1.9300000000 0.005 3e4
.0366666666 1.9337500000 0.005 3e4
.0366666666 1.9375000000 0.005 3e4
.0366666666 1.9412500000 0.005 3e4
.0366666666 1.9450000000 0.005 3e4
.0366666666 1.9487500000 0.005 3e4
.0366666666 1.9525000000 0.005 3e4
.0366666666 1.9562500000 0.005 3e4
.0366666666 1.9600000000 0.005 3e4
.0366666666 1.9637500000 0.005 3e4
.0366666666 1.9675000000 0.005 3e4
.0366666666 1.9712500000 0.005 3e4
.0366666666 1.9750000000 0.005 3e4
.0366666666 1.9787500000 0.005 3e4
.0366666666 1.9825000000 0.005 3e4
.0366666666 1.9862500000 0.005 3e4
.0366666666 1.9900000000 0.005 3e4
.0366666666 1.9937500000 0.005 3e4
.0366666666 1.9975000000 0.005 3e4
.0366666666 2.0012500000 0.005 3e4
.0366666666 2.0050000000 0.005 3e4
.0366666666 2.0087500000 0.005 3e4
.0366666666 2.0125000000 0.005 3e4
.0366666666 2.0162500000 0.005 3e4
.0366666666 2.0200000000 0.005 3e4
.0366666666 2.0237500000 0.005 3e4
.0366666666 2.0275000000 0.005 3e4
.0366666666 2.0312500000 0.005 3e4
.0366666666 2.0350000000 0.005 3e4
.0366666666 2.0387500000 0.005 3e4
.0366666666 2.0425000000 0.005 3e4
.0366666666 2.0462500000 0.005 3e4
.0366666666 2.0500000000 0.005 3e4
.0388888888 1.9000000000 0.005 3e4
.0388888888 1.9037500000 0.005 3e4
.0388888888 1.9075000000 0.005 3e4
.0388888888 1.9112500000 0.005 3e4
.0388888888 1.9150000000 0.005 3e4
.0388888888 1.9187500000 0.005 3e4
.0388888888 1.9225000000 0.005 3e4
.0388888888 1.9262500000 0.005 3e4
.0388888888 1.9300000000 0.005 3e4
.0388888888 1.9337500000 0.005 3e4
.0388888888 1.9375000000 0.005 3e4
.0388888888 1.9412500000 0.005 3e4
.0388888888 1.9450000000 0.005 3e4
.0388888888 1.9487500000 0.005 3e4
.0388888888 1.9525000000 0.005 3e4
.0388888888 1.9562500000 0.005 3e4
.0388888888 1.9600000000 0.005 3e4
.0388888888 1.9637500000 0.005 3e4
.0388888888 1.9675000000 0.005 3e4
.0388888888 1.9712500000 0.005 3e4
.0388888888 1.9750000000 0.005 3e4
.0388888888 1.9787500000 0.005 3e4
.0388888888 1.9825000000 0.005 3e4
.0388888888 1.9862500000 0.005 3e4
.0388888888 1.9900000000 0.005 3e4
.0388888888 1.9937500000 0.005 3e4
.0388888888 1.9975000000 0.005 3e4
.0388888888 2.0012500000 0.005 3e4
.0388888888 2.0050000000 0.005 3e4
.0388888888 2.0087500000 0.005 3e4
.0388888888 2.0125000000 0.005 3e4
.0388888888 2.0162500000 0.005 3e4
.0388888888 2.0200000000 0.005 3e4
.0388888888 2.0237500000 0.005 3e4
.0388888888 2.0275000000 0.005 3e4
.0388888888 2.0312500000 0.005 3e4
.0388888888 2.0350000000 0.005 3e4
.0388888888 2.0387500000 0.005 3e4
.0388888888 2.0425000000 0.005 3e4
.0388888888 2.0462500000 0.005 3e4
.0388888888 2.0500000000 0.005 3e4
.0411111110 1.9000000000 0.005 3e4
.0411111110 1.9037500000 0.005 3e4
.0411111110 1.9075000000 0.005 3e4
.0411111110 1.9112500000 0.005 3e4
.0411111110 1.9150000000 0.005 3e4
.0411111110 1.9187500000 0.005 3e4
.0411111110 1.9225000000 0.005 3e4
.0411111110 1.9262500000 0.005 3e4
.0411111110 1.9300000000 0.005 3e4
.0411111110 1.9337500000 0.005 3e4
.0411111110 1.9375000000 0.005 3e4
.0411111110 1.9412500000 0.005 3e4
.0411111110 1.9450000000 0.005 3e4
.0411111110 1.9487500000 0.005 3e4
.0411111110 1.9525000000 0.005 3e4
.0411111110 1.9562500000 0.005 3e4
.0411111110 1.9600000000 0.005 3e4
.0411111110 1.9637500000 0.005 3e4
.0411111110 1.9675000000 0.005 3e4
.0411111110 1.9712500000 0.005 3e4
.0411111110 1.9750000000 0.005 3e4
.0411111110 1.9787500000 0.005 3e4
.0411111110 1.9825000000 0.005 3e4
.0411111110 1.9862500000 0.005 3e4
.0411111110 1.9900000000 0.005 3e4
.0411111110 1.9937500000 0.005 3e4
.0411111110 1.9975000000 0.005 3e4
.0411111110 2.0012500000 0.005 3e4
.0411111110 2.0050000000 0.005 3e4
.0411111110 2.0087500000 0.005 3e4
.0411111110 2.0125000000 0.005 3e4
.0411111110 2.0162500000 0.005 3e4
.0411111110 2.0200000000 0.005 3e4
.0411111110 2.0237500000 0.005 3e4
.0411111110 2.0275000000 0.005 3e4
.0411111110 2.0312500000 0.005 3e4
.0411111110 2.0350000000 0.005 3e4
.0411111110 2.0387500000 0.005 3e4
.0411111110 2.0425000000 0.005 3e4
.0411111110 2.0462500000 0.005 3e4
.0411111110 2.0500000000 0.005 3e4
.0433333332 1.9000000000 0.005 3e4
.0433333332 1.9037500000 0.005 3e4
.0433333332 1.9075000000 0.005 3e4
.0433333332 1.9112500000 0.005 3e4
.0433333332 1.9150000000 0.005 3e4
.0433333332 1.9187500000 0.005 3e4
.0433333332 1.9225000000 0.005 3e4
.0433333332 1.9262500000 0.005 3e4
.0433333332 1.9300000000 0.005 3e4
.0433333332 1.9337500000 0.005 3e4
.0433333332 1.9375000000 0.005 3e4
.0433333332 1.9412500000 0.005 3e4
.0433333332 1.9450000000 0.005 3e4
.0433333332 1.9487500000 0.005 3e4
.0433333332 1.9525000000 0.005 3e4
.0433333332 1.9562500000 0.005 3e4
.0433333332 1.9600000000 0.005 3e4
.0433333332 1.9637500000 0.005 3e4
.0433333332 1.9675000000 0.005 3e4
.0433333332 1.9712500000 0.005 3e4
.0433333332 1.9750000000 0.005 3e4
.0433333332 1.9787500000 0.005 3e4
.0433333332 1.9825000000 0.005 3e4
.0433333332 1.9862500000 0.005 3e4
.0433333332 1.9900000000 0.005 3e4
.0433333332 1.9937500000 0.005 3e4
.0433333332 1.9975000000 0.005 3e4
.0433333332 2.0012500000 0.005 3e4
.0433333332 2.0050000000 0.005 3e4
.0433333332 2.0087500000 0.005 3e4
.0433333332 2.0125000000 0.005 3e4
.0433333332 2.0162500000 0.005 3e4
.0433333332 2.0200000000 0.005 3e4
.0433333332 2.0237500000 0.005 3e4
.0433333332 2.0275000000 0.005 3e4
.0433333332 2.0312500000 0.005 3e4
.0433333332 2.0350000000 0.005 3e4
.0433333332 2.0387500000 0.005 3e4
.0433333332 2.0425000000 0.005 3e4
.0433333332 2.0462500000 0.005 3e4
.0433333332 2.0500000000 0.005 3e4
.0455555554 1.9000000000 0.005 3e4
.0455555554 1.9037500000 0.005 3e4
.0455555554 1.9075000000 0.005 3e4
.0455555554 1.9112500000 0.005 3e4
.0455555554 1.9150000000 0.005 3e4
.0455555554 1.9187500000 0.005 3e4
.0455555554 1.9225000000 0.005 3e4
.0455555554 1.9262500000 0.005 3e4
.0455555554 1.9300000000 0.005 3e4
.0455555554 1.9337500000 0.005 3e4
.0455555554 1.9375000000 0.005 3e4
.0455555554 1.9412500000 0.005 3e4
.0455555554 1.9450000000 0.005 3e4
.0455555554 1.9487500000 0.005 3e4
.0455555554 1.9525000000 0.005 3e4
.0455555554 1.9562500000 0.005 3e4
.0455555554 1.9600000000 0.005 3e4
.0455555554 1.9637500000 0.005 3e4
.0455555554 1.9675000000 0.005 3e4
.0455555554 1.9712500000 0.005 3e4
.0455555554 1.9750000000 0.005 3e4
.0455555554 1.9787500000 0.005 3e4
.0455555554 1.9825000000 0.005 3e4
.0455555554 1.9862500000 0.005 3e4
.0455555554 1.9900000000 0.005 3e4
.0455555554 1.9937500000 0.005 3e4
.0455555554 1.9975000000 0.005 3e4
.0455555554 2.0012500000 0.005 3e4
.0455555554 2.0050000000 0.005 3e4
.0455555554 2.0087500000 0.005 3e4
.0455555554 2.0125000000 0.005 3e4
.0455555554 2.0162500000 0.005 3e4
.0455555554 2.0200000000 0.005 3e4
.0455555554 2.0237500000 0.005 3e4
.0455555554 2.0275000000 0.005 3e4
.0455555554 2.0312500000 0.005 3e4
.0455555554 2.0350000000 0.005 3e4
.0455555554 2.0387500000 0.005 3e4
.0455555554 2.0425000000 0.005 3e4
.0455555554 2.0462500000 0.005 3e4
.0455555554 2.0500000000 0.005 3e4
.0477777776 1.9000000000 0.005 3e4
.0477777776 1.9037500000 0.005 3e4
.0477777776 1.9075000000 0.005 3e4
.0477777776 1.9112500000 0.005 3e4
.0477777776 1.9150000000 0.005 3e4
.0477777776 1.9187500000 0.005 3e4
.0477777776 1.9225000000 0.005 3e4
.0477777776 1.9262500000 0.005 3e4
.0477777776 1.9300000000 0.005 3e4
.0477777776 1.9337500000 0.005 3e4
.0477777776 1.9375000000 0.005 3e4
.0477777776 1.9412500000 0.005 3e4
.0477777776 1.9450000000 0.005 3e4
.0477777776 1.9487500000 0.005 3e4
.0477777776 1.9525000000 0.005 3e4
.0477777776 1.9562500000 0.005 3e4
.0477777776 1.9600000000 0.005 3e4
.0477777776 1.9637500000 0.005 3e4
.0477777776 1.9675000000 0.005 3e4
.0477777776 1.9712500000 0.005 3e4
.0477777776 1.9750000000 0.005 3e4
.0477777776 1.9787500000 0.005 3e4
.0477777776 1.9825000000 0.005 3e4
.0477777776 1.9862500000 0.005 3e4
.0477777776 1.9900000000 0.005 3e4
.0477777776 1.9937500000 0.005 3e4
.0477777776 1.9975000000 0.005 3e4
.0477777776 2.0012500000 0.005 3e4
.0477777776 2.0050000000 0.005 3e4
.0477777776 2.0087500000 0.005 3e4
.0477777776 2.0125000000 0.005 3e4
.0477777776 2.0162500000 0.005 3e4
.0477777776 2.0200000000 0.005 3e4
.0477777776 2.0237500000 0.005 3e4
.0477777776 2.0275000000 0.005 3e4
.0477777776 2.0312500000 0.005 3e4
.0477777776 2.0350000000 0.005 3e4
.0477777776 2.0387500000 0.005 3e4
.0477777776 2.0425000000 0.005 3e4
.0477777776 2.0462500000 0.005 3e4
.0477777776 2.0500000000 0.005 3e4
.0499999998 1.9000000000 0.005 3e4
.0499999998 1.9037500000 0.005 3e4
.0499999998 1.9075000000 0.005 3e4
.0499999998 1.9112500000 0.005 3e4
.0499999998 1.9150000000 0.005 3e4
.0499999998 1.9187500000 0.005 3e4
.0499999998 1.9225000000 0.005 3e4
.0499999998 1.9262500000 0.005 3e4
.0499999998 1.9300000000 0.005 3e4
.0499999998 1.9337500000 0.005 3e4
.0499999998 1.9375000000 0.005 3e4
.0499999998 1.9412500000 0.005 3e4
.0499999998 1.9450000000 0.005 3e4
.0499999998 1.9487500000 0.005 3e4
.0499999998 1.9525000000 0.005 3e4
.0499999998 1.9562500000 0.005 3e4
.0499999998 1.9600000000 0.005 3e4
.0499999998 1.9637500000 0.005 3e4
.0499999998 1.9675000000 0.005 3e4
.0499999998 1.9712500000 0.005 3e4
.0499999998 1.9750000000 0.005 3e4
.0499999998 1.9787500000 0.005 3e4
.0499999998 1.9825000000 0.005 3e4
.0499999998 1.9862500000 0.005 3e4
.0499999998 1.9900000000 0.005 3e4
.0499999998 1.9937500000 0.005 3e4
.0499999998 1.9975000000 0.005 3e4
.0499999998 2.0012500000 0.005 3e4
.0499999998 2.0050000000 0.005 3e4
.0499999998 2.0087500000 0.005 3e4
.0499999998 2.0125000000 0.005 3e4
.0499999998 2.0162500000 0.005 3e4
.0499999998 2.0200000000 0.005 3e4
.0499999998 2.0237500000 0.005 3e4
.0499999998 2.0275000000 0.005 3e4
.0499999998 2.0312500000 0.005 3e4
.0499999998 2.0350000000 0.005 3e4
.0499999998 2.0387500000 0.005 3e4
.0499999998 2.0425000000 0.005 3e4
.0499999998 2.0462500000 0.005 3e4
.0499999998 2.0500000000 0.005 3e4
