.0200000000 1.6500000000 0.005 30e3
.0200000000 1.6600000000 0.005 30e3
.0200000000 1.6700000000 0.005 30e3
.0200000000 1.6800000000 0.005 30e3
.0200000000 1.6900000000 0.005 30e3
.0200000000 1.7000000000 0.005 30e3
.0200000000 1.7100000000 0.005 30e3
.0200000000 1.7200000000 0.005 30e3
.0200000000 1.7300000000 0.005 30e3
.0200000000 1.7400000000 0.005 30e3
.0200000000 1.7500000000 0.005 30e3
.0200000000 1.7600000000 0.005 30e3
.0200000000 1.7700000000 0.005 30e3
.0200000000 1.7800000000 0.005 30e3
.0200000000 1.7900000000 0.005 30e3
.0200000000 1.8000000000 0.005 30e3
.0200000000 1.8100000000 0.005 30e3
.0200000000 1.8200000000 0.005 30e3
.0200000000 1.8300000000 0.005 30e3
.0200000000 1.8400000000 0.005 30e3
.0200000000 1.8500000000 0.005 30e3
.0200000000 1.8600000000 0.005 30e3
.0200000000 1.8700000000 0.005 30e3
.0200000000 1.8800000000 0.005 30e3
.0200000000 1.8900000000 0.005 30e3
.0200000000 1.9000000000 0.005 30e3
.0200000000 1.9100000000 0.005 30e3
.0200000000 1.9200000000 0.005 30e3
.0200000000 1.9300000000 0.005 30e3
.0200000000 1.9400000000 0.005 30e3
.0200000000 1.9500000000 0.005 30e3
.0200000000 1.9600000000 0.005 30e3
.0200000000 1.9700000000 0.005 30e3
.0200000000 1.9800000000 0.005 30e3
.0200000000 1.9900000000 0.005 30e3
.0200000000 2.0000000000 0.005 30e3
.0200000000 2.0100000000 0.005 30e3
.0200000000 2.0200000000 0.005 30e3
.0200000000 2.0300000000 0.005 30e3
.0200000000 2.0400000000 0.005 30e3
.0200000000 2.0500000000 0.005 30e3
.0250000000 1.6500000000 0.005 30e3
.0250000000 1.6600000000 0.005 30e3
.0250000000 1.6700000000 0.005 30e3
.0250000000 1.6800000000 0.005 30e3
.0250000000 1.6900000000 0.005 30e3
.0250000000 1.7000000000 0.005 30e3
.0250000000 1.7100000000 0.005 30e3
.0250000000 1.7200000000 0.005 30e3
.0250000000 1.7300000000 0.005 30e3
.0250000000 1.7400000000 0.005 30e3
.0250000000 1.7500000000 0.005 30e3
.0250000000 1.7600000000 0.005 30e3
.0250000000 1.7700000000 0.005 30e3
.0250000000 1.7800000000 0.005 30e3
.0250000000 1.7900000000 0.005 30e3
.0250000000 1.8000000000 0.005 30e3
.0250000000 1.8100000000 0.005 30e3
.0250000000 1.8200000000 0.005 30e3
.0250000000 1.8300000000 0.005 30e3
.0250000000 1.8400000000 0.005 30e3
.0250000000 1.8500000000 0.005 30e3
.0250000000 1.8600000000 0.005 30e3
.0250000000 1.8700000000 0.005 30e3
.0250000000 1.8800000000 0.005 30e3
.0250000000 1.8900000000 0.005 30e3
.0250000000 1.9000000000 0.005 30e3
.0250000000 1.9100000000 0.005 30e3
.0250000000 1.9200000000 0.005 30e3
.0250000000 1.9300000000 0.005 30e3
.0250000000 1.9400000000 0.005 30e3
.0250000000 1.9500000000 0.005 30e3
.0250000000 1.9600000000 0.005 30e3
.0250000000 1.9700000000 0.005 30e3
.0250000000 1.9800000000 0.005 30e3
.0250000000 1.9900000000 0.005 30e3
.0250000000 2.0000000000 0.005 30e3
.0250000000 2.0100000000 0.005 30e3
.0250000000 2.0200000000 0.005 30e3
.0250000000 2.0300000000 0.005 30e3
.0250000000 2.0400000000 0.005 30e3
.0250000000 2.0500000000 0.005 30e3
.0300000000 1.6500000000 0.005 30e3
.0300000000 1.6600000000 0.005 30e3
.0300000000 1.6700000000 0.005 30e3
.0300000000 1.6800000000 0.005 30e3
.0300000000 1.6900000000 0.005 30e3
.0300000000 1.7000000000 0.005 30e3
.0300000000 1.7100000000 0.005 30e3
.0300000000 1.7200000000 0.005 30e3
.0300000000 1.7300000000 0.005 30e3
.0300000000 1.7400000000 0.005 30e3
.0300000000 1.7500000000 0.005 30e3
.0300000000 1.7600000000 0.005 30e3
.0300000000 1.7700000000 0.005 30e3
.0300000000 1.7800000000 0.005 30e3
.0300000000 1.7900000000 0.005 30e3
.0300000000 1.8000000000 0.005 30e3
.0300000000 1.8100000000 0.005 30e3
.0300000000 1.8200000000 0.005 30e3
.0300000000 1.8300000000 0.005 30e3
.0300000000 1.8400000000 0.005 30e3
.0300000000 1.8500000000 0.005 30e3
.0300000000 1.8600000000 0.005 30e3
.0300000000 1.8700000000 0.005 30e3
.0300000000 1.8800000000 0.005 30e3
.0300000000 1.8900000000 0.005 30e3
.0300000000 1.9000000000 0.005 30e3
.0300000000 1.9100000000 0.005 30e3
.0300000000 1.9200000000 0.005 30e3
.0300000000 1.9300000000 0.005 30e3
.0300000000 1.9400000000 0.005 30e3
.0300000000 1.9500000000 0.005 30e3
.0300000000 1.9600000000 0.005 30e3
.0300000000 1.9700000000 0.005 30e3
.0300000000 1.9800000000 0.005 30e3
.0300000000 1.9900000000 0.005 30e3
.0300000000 2.0000000000 0.005 30e3
.0300000000 2.0100000000 0.005 30e3
.0300000000 2.0200000000 0.005 30e3
.0300000000 2.0300000000 0.005 30e3
.0300000000 2.0400000000 0.005 30e3
.0300000000 2.0500000000 0.005 30e3
.0350000000 1.6500000000 0.005 30e3
.0350000000 1.6600000000 0.005 30e3
.0350000000 1.6700000000 0.005 30e3
.0350000000 1.6800000000 0.005 30e3
.0350000000 1.6900000000 0.005 30e3
.0350000000 1.7000000000 0.005 30e3
.0350000000 1.7100000000 0.005 30e3
.0350000000 1.7200000000 0.005 30e3
.0350000000 1.7300000000 0.005 30e3
.0350000000 1.7400000000 0.005 30e3
.0350000000 1.7500000000 0.005 30e3
.0350000000 1.7600000000 0.005 30e3
.0350000000 1.7700000000 0.005 30e3
.0350000000 1.7800000000 0.005 30e3
.0350000000 1.7900000000 0.005 30e3
.0350000000 1.8000000000 0.005 30e3
.0350000000 1.8100000000 0.005 30e3
.0350000000 1.8200000000 0.005 30e3
.0350000000 1.8300000000 0.005 30e3
.0350000000 1.8400000000 0.005 30e3
.0350000000 1.8500000000 0.005 30e3
.0350000000 1.8600000000 0.005 30e3
.0350000000 1.8700000000 0.005 30e3
.0350000000 1.8800000000 0.005 30e3
.0350000000 1.8900000000 0.005 30e3
.0350000000 1.9000000000 0.005 30e3
.0350000000 1.9100000000 0.005 30e3
.0350000000 1.9200000000 0.005 30e3
.0350000000 1.9300000000 0.005 30e3
.0350000000 1.9400000000 0.005 30e3
.0350000000 1.9500000000 0.005 30e3
.0350000000 1.9600000000 0.005 30e3
.0350000000 1.9700000000 0.005 30e3
.0350000000 1.9800000000 0.005 30e3
.0350000000 1.9900000000 0.005 30e3
.0350000000 2.0000000000 0.005 30e3
.0350000000 2.0100000000 0.005 30e3
.0350000000 2.0200000000 0.005 30e3
.0350000000 2.0300000000 0.005 30e3
.0350000000 2.0400000000 0.005 30e3
.0350000000 2.0500000000 0.005 30e3
.0400000000 1.6500000000 0.005 30e3
.0400000000 1.6600000000 0.005 30e3
.0400000000 1.6700000000 0.005 30e3
.0400000000 1.6800000000 0.005 30e3
.0400000000 1.6900000000 0.005 30e3
.0400000000 1.7000000000 0.005 30e3
.0400000000 1.7100000000 0.005 30e3
.0400000000 1.7200000000 0.005 30e3
.0400000000 1.7300000000 0.005 30e3
.0400000000 1.7400000000 0.005 30e3
.0400000000 1.7500000000 0.005 30e3
.0400000000 1.7600000000 0.005 30e3
.0400000000 1.7700000000 0.005 30e3
.0400000000 1.7800000000 0.005 30e3
.0400000000 1.7900000000 0.005 30e3
.0400000000 1.8000000000 0.005 30e3
.0400000000 1.8100000000 0.005 30e3
.0400000000 1.8200000000 0.005 30e3
.0400000000 1.8300000000 0.005 30e3
.0400000000 1.8400000000 0.005 30e3
.0400000000 1.8500000000 0.005 30e3
.0400000000 1.8600000000 0.005 30e3
.0400000000 1.8700000000 0.005 30e3
.0400000000 1.8800000000 0.005 30e3
.0400000000 1.8900000000 0.005 30e3
.0400000000 1.9000000000 0.005 30e3
.0400000000 1.9100000000 0.005 30e3
.0400000000 1.9200000000 0.005 30e3
.0400000000 1.9300000000 0.005 30e3
.0400000000 1.9400000000 0.005 30e3
.0400000000 1.9500000000 0.005 30e3
.0400000000 1.9600000000 0.005 30e3
.0400000000 1.9700000000 0.005 30e3
.0400000000 1.9800000000 0.005 30e3
.0400000000 1.9900000000 0.005 30e3
.0400000000 2.0000000000 0.005 30e3
.0400000000 2.0100000000 0.005 30e3
.0400000000 2.0200000000 0.005 30e3
.0400000000 2.0300000000 0.005 30e3
.0400000000 2.0400000000 0.005 30e3
.0400000000 2.0500000000 0.005 30e3
.0450000000 1.6500000000 0.005 30e3
.0450000000 1.6600000000 0.005 30e3
.0450000000 1.6700000000 0.005 30e3
.0450000000 1.6800000000 0.005 30e3
.0450000000 1.6900000000 0.005 30e3
.0450000000 1.7000000000 0.005 30e3
.0450000000 1.7100000000 0.005 30e3
.0450000000 1.7200000000 0.005 30e3
.0450000000 1.7300000000 0.005 30e3
.0450000000 1.7400000000 0.005 30e3
.0450000000 1.7500000000 0.005 30e3
.0450000000 1.7600000000 0.005 30e3
.0450000000 1.7700000000 0.005 30e3
.0450000000 1.7800000000 0.005 30e3
.0450000000 1.7900000000 0.005 30e3
.0450000000 1.8000000000 0.005 30e3
.0450000000 1.8100000000 0.005 30e3
.0450000000 1.8200000000 0.005 30e3
.0450000000 1.8300000000 0.005 30e3
.0450000000 1.8400000000 0.005 30e3
.0450000000 1.8500000000 0.005 30e3
.0450000000 1.8600000000 0.005 30e3
.0450000000 1.8700000000 0.005 30e3
.0450000000 1.8800000000 0.005 30e3
.0450000000 1.8900000000 0.005 30e3
.0450000000 1.9000000000 0.005 30e3
.0450000000 1.9100000000 0.005 30e3
.0450000000 1.9200000000 0.005 30e3
.0450000000 1.9300000000 0.005 30e3
.0450000000 1.9400000000 0.005 30e3
.0450000000 1.9500000000 0.005 30e3
.0450000000 1.9600000000 0.005 30e3
.0450000000 1.9700000000 0.005 30e3
.0450000000 1.9800000000 0.005 30e3
.0450000000 1.9900000000 0.005 30e3
.0450000000 2.0000000000 0.005 30e3
.0450000000 2.0100000000 0.005 30e3
.0450000000 2.0200000000 0.005 30e3
.0450000000 2.0300000000 0.005 30e3
.0450000000 2.0400000000 0.005 30e3
.0450000000 2.0500000000 0.005 30e3
.0500000000 1.6500000000 0.005 30e3
.0500000000 1.6600000000 0.005 30e3
.0500000000 1.6700000000 0.005 30e3
.0500000000 1.6800000000 0.005 30e3
.0500000000 1.6900000000 0.005 30e3
.0500000000 1.7000000000 0.005 30e3
.0500000000 1.7100000000 0.005 30e3
.0500000000 1.7200000000 0.005 30e3
.0500000000 1.7300000000 0.005 30e3
.0500000000 1.7400000000 0.005 30e3
.0500000000 1.7500000000 0.005 30e3
.0500000000 1.7600000000 0.005 30e3
.0500000000 1.7700000000 0.005 30e3
.0500000000 1.7800000000 0.005 30e3
.0500000000 1.7900000000 0.005 30e3
.0500000000 1.8000000000 0.005 30e3
.0500000000 1.8100000000 0.005 30e3
.0500000000 1.8200000000 0.005 30e3
.0500000000 1.8300000000 0.005 30e3
.0500000000 1.8400000000 0.005 30e3
.0500000000 1.8500000000 0.005 30e3
.0500000000 1.8600000000 0.005 30e3
.0500000000 1.8700000000 0.005 30e3
.0500000000 1.8800000000 0.005 30e3
.0500000000 1.8900000000 0.005 30e3
.0500000000 1.9000000000 0.005 30e3
.0500000000 1.9100000000 0.005 30e3
.0500000000 1.9200000000 0.005 30e3
.0500000000 1.9300000000 0.005 30e3
.0500000000 1.9400000000 0.005 30e3
.0500000000 1.9500000000 0.005 30e3
.0500000000 1.9600000000 0.005 30e3
.0500000000 1.9700000000 0.005 30e3
.0500000000 1.9800000000 0.005 30e3
.0500000000 1.9900000000 0.005 30e3
.0500000000 2.0000000000 0.005 30e3
.0500000000 2.0100000000 0.005 30e3
.0500000000 2.0200000000 0.005 30e3
.0500000000 2.0300000000 0.005 30e3
.0500000000 2.0400000000 0.005 30e3
.0500000000 2.0500000000 0.005 30e3
